0.757863
0.905496
0.824648
0.745831
0.734503
0.806141
0.804885
0.799003
0.852431
0.764586
0.834697
0.73284
0.818782
0.766869
0.841843
0.815441
0.759686
0.751214
0.819495
0.814233
0.864378
0.727564
0.870538
0.767358
0.788345
0.808972
0.828567
0.784254
0.810514
0.779603
0.774416
0.814845
0.789153
0.802202
0.798992
0.710503
0.858449
0.78303
0.826045
0.820372
0.808431
0.813785
0.74966
0.817375
0.810871
0.842068
0.847897
0.747228
0.759452
0.771744
0.814704
0.82727
0.841274
0.776269
0.800482
0.845376
0.776197
0.77551
0.78988
0.887113
0.76582
0.757648
0.722629
0.856772
0.824391
0.794885
0.761912
0.821766
0.805615
0.756159
0.753064
0.897187
0.799004
0.757633
0.784359
0.83055
0.770736
0.804026
0.791666
0.815727
0.836461
0.759631
0.810844
0.825621
0.812429
0.81417
0.807541
0.796813
0.742157
0.85816
0.75471
0.798522
0.772761
0.841164
0.863973
0.85455
0.745011
0.725433
0.815445
0.824879
0.771139
0.778283
0.876523
0.749482
0.793656
0.874824
0.771464
0.802072
0.813828
0.790225
0.820842
0.776286
0.839865
0.784065
0.802034
0.789726
0.849794
0.768952
0.753899
0.820764
0.778804
0.811126
0.846898
0.827045
0.786552
0.785961
0.786581
0.84865
0.765842
0.799855
0.876229
0.651712
0.802165
0.851387
0.838721
0.819687
0.781914
0.775186
0.769798
0.74835
0.900879
0.778029
0.823429
0.793967
0.788612
0.853665
0.730897
0.773907
0.830531
0.784872
0.83086
0.869656
0.760801
0.733286
0.789127
0.90966
0.796888
0.830519
0.739248
0.760316
0.753096
0.868503
0.80261
0.777764
0.869442
0.80404
0.750043
0.789133
0.771217
0.831303
0.80113
0.83289
0.821768
0.793018
0.85095
0.809664
0.748578
0.77672
0.840899
0.749997
0.858465
0.696109
0.877303
0.807524
0.84125
0.765289
0.743889
0.872499
0.806908
0.829949
0.761894
0.789069
0.776057
0.796389
0.867989
0.762125
0.870788
0.770439
0.774702
0.889808
0.768897
0.791429
0.738558
0.835445
0.75172
0.829802
0.734459
0.873449
0.810004
0.816945
0.749191
0.793174
0.841076
0.783397
0.75976
0.848695
0.827775
0.809184
0.792151
0.80054
0.788446
0.766724
0.838096
0.763324
0.768916
0.841889
0.815065
0.79889
0.756193
0.91021
0.759844
0.805913
0.717155
0.858625
0.811049
0.796494
0.771477
0.792714
0.847928
0.828915
0.791986
0.830717
0.696687
0.821872
0.776646
0.852378
0.758434
0.856223
0.726193
0.835093
0.757234
0.861857
0.751937
0.776843
0.811554
0.825966
0.808362
0.752196
0.864457
0.792242
0.819967
0.764946
0.841529
0.785566
0.807246
0.783044
0.842047
0.766821
0.773883
0.845801
0.809402
0.796849
0.731044
0.792683
0.834868
0.876948
0.751796
0.78743
0.816043
0.798149
0.82829
0.822613
0.718921
0.792794
0.834578
0.788699
0.755465
0.846595
0.831277
0.813677
0.761016
0.814729
0.819159
0.753694
0.81574
0.802404
0.818964
0.758765
0.846625
0.825656
0.813831
0.740199
0.810602
0.813992
0.745202
0.838554
0.781562
0.902089
0.780962
0.680666
0.813743
0.881153
0.817595
0.790979
0.834305
0.664526
0.84696
0.732372
0.858893
0.821785
0.803274
0.787544
0.822684
0.79438
0.804514
0.813671
0.772206
0.797316
0.820605
0.807596
0.823275
0.807266
0.732948
0.812471
0.789435
0.829189
0.786596
0.874876
0.773447
0.756409
0.834989
0.844475
0.817482
0.680724
0.835046
0.812868
0.805493
0.804038
0.850209
0.765849
0.813752
0.729805
0.841699
0.804652
0.830665
0.82425
0.801648
0.722356
0.838609
0.809264
0.809813
0.749425
0.863778
0.823502
0.764732
0.835743
0.71635
0.825606
0.865959
0.773626
0.726223
0.853502
0.762137
0.824858
0.795973
0.86103
0.744097
0.705332
0.815568
0.8441
0.803222
0.811759
0.794797
0.832566
0.735103
0.886264
0.728503
0.835254
0.821452
0.80654
0.778149
0.770988
0.860408
0.788934
0.763923
0.803464
0.865544
0.755637
0.767738
0.801928
0.78595
0.849689
0.792029
0.778818
0.776745
0.822902
0.840562
0.860937
0.675074
0.805254
0.829878
0.796592
0.801494
0.856395
0.772886
0.759771
0.812599
0.815147
0.784531
0.80463
0.853329
0.768468
0.828819
0.810816
0.792065
0.788788
0.78764
0.799557
0.825035
0.804528
0.767132
0.840265
0.781616
0.818962
0.761605
0.850974
0.795148
0.757557
0.765753
0.908756
0.80909
0.783134
0.775345
0.864203
0.771453
0.740617
0.861683
0.758212
0.823087
0.814382
0.811205
0.795019
0.778259
0.766615
0.832555
0.803554
0.772337
0.72809
0.835147
0.862402
0.782318
0.775288
0.860237
0.755279
0.808661
0.852069
0.80841
0.770884
0.810901
0.790257
0.80166
0.759457
0.958036
0.751734
0.743095
0.769942
0.823551
0.816482
0.804456
0.769872
0.753309
0.83752
0.798731
0.817188
0.73819
0.808703
0.810058
0.824784
0.738167
0.792327
0.861595
0.816273
0.733389
0.840813
0.794093
0.811391
0.785522
0.832775
0.758251
0.839221
0.775423
0.815731
0.841237
0.821652
0.766877
0.752313
0.806243
0.818878
0.835681
0.776848
0.837913
0.797296
0.732851
0.785638
0.873232
0.837055
0.758637
0.779753
0.810629
0.764727
0.858259
0.813093
0.827523
0.752141
0.791487
0.750163
0.882566
0.771703
0.742964
0.850566
0.795257
0.832258
0.829877
0.745129
0.792541
0.815017
0.807994
0.816829
0.860077
0.750576
0.743709
0.797697
0.921121
0.736532
0.748927
0.869361
0.767998
0.810417
0.740802
0.812724
0.80288
0.806204
0.806067
0.796673
0.802177
0.773055
0.810272
0.768084
0.900449
0.753424
0.817499
0.739393
0.801147
0.813011
0.813244
0.769984
0.766657
0.865624
0.781983
0.85151
0.732076
0.83234
0.823184
0.768738
0.765864
0.878537
0.827172
0.753953
0.770119
0.804671
0.795719
0.815399
0.827537
0.787249
0.782374
0.857309
0.873054
0.707181
0.797061
0.787427
0.81276
0.845641
0.75187
0.831768
0.744971
0.852404
0.778281
0.81364
0.802629
0.768296
0.794625
0.825197
0.811992
0.8548
0.718118
0.766077
0.842076
0.816935
0.832455
0.756628
0.802625
0.808958
0.787357
0.839463
0.803447
0.873582
0.763188
0.713093
0.873684
0.767039
0.805704
0.866858
0.834154
0.69631
0.749151
0.897968
0.74431
0.828847
0.800564
0.764924
0.801694
0.818063
0.814703
0.742954
0.815803
0.785648
0.775893
0.79478
0.819898
0.833405
0.80986
0.840226
0.825804
0.742694
0.812477
0.739989
0.854308
0.792143
0.816638
0.824749
0.800359
0.678172
0.861946
0.815139
0.830394
0.783344
0.828536
0.757174
0.81466
0.777095
0.864362
0.750395
0.844568
0.828629
0.787133
0.737191
0.902297
0.781208
0.793372
0.754326
0.80339
0.812883
0.755563
0.832051
0.832479
0.740623
0.815264
0.869289
0.758229
0.777958
0.768246
0.815091
0.822825
0.832401
0.79196
0.856382
0.754041
0.820607
0.817697
0.797756
0.801708
0.78024
0.814473
0.778872
0.84928
0.774039
0.800082
0.846948
0.708172
0.808871
0.804188
0.797199
0.851034
0.782422
0.744154
0.747088
0.82747
0.786292
0.860626
0.796574
0.805907
0.749316
0.816089
0.754705
0.835046
0.794104
0.774312
0.769173
0.893829
0.746915
0.821167
0.766654
0.790632
0.848387
0.798536
0.776443
0.828525
0.722514
0.793608
0.892514
0.761278
0.829391
0.791267
0.770068
0.769478
0.863092
0.801184
0.796144
0.800037
0.779809
0.801506
0.757396
0.869693
0.807764
0.869723
0.703866
0.762279
0.833602
0.802287
0.805263
0.798187
0.847055
0.832656
0.714518
0.838377
0.761997
0.809406
0.795212
0.818819
0.761362
0.919224
0.740763
0.816945
0.773614
0.838616
0.787743
0.809913
0.802743
0.832679
0.770416
0.755272
0.786554
0.848342
0.800897
0.746717
0.818672
0.824678
0.832701
0.7152
0.79013
0.806027
0.827283
0.818527
0.828501
0.750661
0.777549
0.818464
0.808613
0.817632
0.790369
0.82085
0.762176
0.732955
0.874938
0.821455
0.758145
0.816549
0.879202
0.708721
0.783158
0.765816
0.867831
0.758656
0.924883
0.73411
0.727127
0.848005
0.813552
0.724245
0.877797
0.84354
0.738587
0.730252
0.850299
0.905885
0.798296
0.777855
0.79035
0.840317
0.732759
0.832331
0.798538
0.816886
0.819184
0.761596
0.804681
0.741479
0.859091
0.770181
0.826081
0.808251
0.791215
0.845774
0.800368
0.745306
0.75032
0.805972
0.83954
0.858521
0.794795
0.741903
0.752454
0.8419
0.840709
0.832389
0.837059
0.778482
0.777814
0.7351
0.765249
0.889813
0.762833
0.829165
0.792958
0.766854
0.840655
0.794471
0.753935
0.831663
0.773146
0.833711
0.82218
0.743346
0.760946
0.818468
0.851125
0.741795
0.856671
0.763638
0.860579
0.701568
0.840365
0.816216
0.835841
0.727539
0.834323
0.7705
0.870894
0.775103
0.752932
0.803768
0.957173
0.741287
0.751135
0.783277
0.785308
0.815117
0.830018
0.713954
0.870644
0.75633
0.826154
0.765943
0.832718
0.816116
0.787761
0.774651
0.835002
0.805722
0.752129
0.829507
0.76635
0.889246
0.755888
0.773963
0.825856
0.811336
0.773809
0.813952
0.78404
0.823106
0.802054
0.792781
0.839259
0.815916
0.799794
0.766856
0.892268
0.797855
0.805758
0.685919
0.812577
0.857107
0.84468
0.773223
0.803817
0.736688
0.804031
0.826044
0.823733
0.843087
0.756685
0.774963
0.77125
0.799847
0.836719
0.830192
0.763525
0.774413
0.805357
0.834311
0.756462
0.811943
0.83368
0.768389
0.813444
0.790396
0.804453
0.820471
0.746236
0.787437
0.861523
0.776565
0.792804
0.804205
0.859429
0.726537
0.838643
0.806241
0.827089
0.739365
0.829549
0.741904
0.825578
0.85667
0.739513
0.817156
0.820843
0.838746
0.7917
0.782491
0.827002
0.821869
0.773987
0.787198
0.747237
0.870477
0.813098
0.795528
0.823926
0.791342
0.763125
0.770403
0.781875
0.883551
0.823673
0.802706
0.816791
0.795527
0.790673
0.782104
0.734558
0.939231
0.784839
0.796445
0.81843
0.773653
0.847891
0.75573
0.827167
0.755257
0.865818
0.84198
0.741277
0.795662
0.763728
0.814025
0.77973
0.832198
0.869485
0.779574
0.804681
0.812819
0.810028
0.810775
0.798186
0.866527
0.82529
0.767318
0.716599
0.818399
0.812241
0.848833
0.765312
0.802387
0.849099
0.71965
0.798119
0.824574
0.853351
0.783818
0.794294
0.776084
0.833371
0.791837
0.801663
0.775766
0.835456
0.829124
0.721595
0.865307
0.718221
0.86587
0.858313
0.746979
0.765878
0.805523
0.821165
0.752923
0.8269
0.78317
0.770018
0.832717
0.817507
0.846327
0.756891
0.79774
0.68718
0.839197
0.844478
0.890352
0.797255
0.70079
0.835794
0.825573
0.756742
0.805531
0.884968
0.810615
0.734298
0.804872
0.835288
0.750912
0.816487
0.811436
0.820071
0.838608
0.749286
0.782798
0.825173
0.802966
0.844374
0.8147
0.824631
0.748414
0.772772
0.745859
0.85494
0.775847
0.836127
0.840746
0.811327
0.708552
0.813547
0.783687
0.913158
0.756277
0.792929
0.713337
0.910333
0.760539
0.838066
0.776506
0.729816
0.894552
0.785849
0.786042
0.749502
0.805493
0.902807
0.785943
0.806971
0.746413
0.755896
0.814007
0.867089
0.800192
0.800688
0.779713
0.782348
0.807452
0.782493
0.79537
0.78997
0.797126
0.839184
0.870887
0.771284
0.747156
0.767483
0.804893
0.815319
0.849175
0.792346
0.771151
0.865046
0.730271
0.766472
0.790703
0.79865
0.867954
0.879934
0.729733
0.725583
0.831978
0.80858
0.771283
0.885617
0.777759
0.816431
0.814647
0.834092
0.809675
0.758302
0.809695
0.888789
0.764613
0.81189
0.787234
0.746481
0.847319
0.873755
0.790568
0.714372
0.845895
0.792023
0.808455
0.846291
0.809875
0.738871
0.772647
0.839256
0.807195
0.785771
0.846151
0.748791
0.739772
0.839845
0.805118
0.807433
0.783956
0.836061
0.753252
0.793253
0.792552
0.83414
0.751439
0.802912
0.854726
0.823033
0.813625
0.730205
0.895513
0.676974
0.840456
0.913481
0.723387
0.763643
0.798038
0.832276
0.815478
0.800505
0.807426
0.822201
0.779583
0.800969
0.791873
0.805829
0.772093
0.785508
0.859092
0.852345
0.782833
0.728048
0.845992
0.828997
0.758144
0.80016
0.803336
0.775946
0.825519
0.848818
0.790903
0.816826
0.736959
0.844985
0.778988
0.811063
0.802084
0.83215
0.732742
0.882102
0.829704
0.74202
0.73971
0.831692
0.91291
0.756173
0.770798
0.855257
0.76122
0.768832
0.865543
0.818374
0.759736
0.822432
0.815028
0.778869
0.756959
0.778069
0.827251
0.812283
0.824581
0.755524
0.767833
0.783963
0.87481
0.799648
0.82918
0.784933
0.828981
0.804807
0.710634
0.858083
0.791404
0.864506
0.705422
0.808163
0.779037
0.826156
0.834966
0.777428
0.813752
0.728512
0.782004
0.814479
0.844356
0.744233
0.826661
0.834763
0.770457
0.763123
0.813128
0.78625
0.805607
0.876289
0.831173
0.714977
0.829092
0.712248
0.836965
0.850314
0.749734
0.827152
0.829524
0.833608
0.783229
0.776744
0.762131
0.781138
0.810238
0.796967
0.894899
0.774975
0.763768
0.820289
0.773354
0.796684
0.818069
0.834382
0.772862
0.775927
0.804413
0.773401
0.786641
0.843658
0.826765
0.707701
0.863987
0.817594
0.760705
0.823001
0.769231
0.874337
0.83189
0.706848
0.773094
0.850185
0.784846
0.83287
0.795399
0.767084
0.789862
0.818526
0.803855
0.753533
0.820441
0.842461
0.85352
0.722621
0.805536
0.858235
0.821127
0.764032
0.841664
0.713191
0.811919
0.77896
0.863099
0.827327
0.821359
0.740036
0.794124
0.836932
0.76558
0.839026
0.80226
0.769006
0.765348
0.83067
0.844102
0.779894
0.812321
0.714459
0.838623
0.845677
0.695791
0.85627
0.805954
0.837958
0.746241
0.811077
0.788974
0.818587
0.812683
0.768678
0.864285
0.755951
0.808756
0.781883
0.799562
0.77766
0.897436
0.766738
0.847349
0.742647
0.812778
0.803904
0.864864
0.7991
0.766102
0.742767
0.791191
0.867419
0.826321
0.746045
0.756588
0.885986
0.741794
0.815619
0.756667
0.850969
0.802864
0.849914
0.767151
0.817015
0.777655
0.798923
0.756948
0.903654
0.776891
0.770302
0.73917
0.87393
0.779615
0.847719
0.752629
0.876178
0.72437
0.798339
0.80615
0.84984
0.760108
0.797173
0.809027
0.854575
0.759121
0.825107
0.767429
0.817144
0.847061
0.72711
0.856339
0.835567
0.71886
0.830631
0.837736
0.785422
0.837665
0.77644
0.7715
0.813874
0.788036
0.82531
0.767432
0.826312
0.813935
0.8026
0.741305
0.897593
0.739043
0.790274
0.779857
0.892864
0.74625
0.77486
0.829943
0.759701
0.809699
0.821264
0.89066
0.786483
0.802871
0.773397
0.792629
0.749812
0.86586
0.746576
0.907239
0.76583
0.758455
0.817279
0.79725
0.823248
0.739078
0.877935
0.774871
0.758248
0.780084
0.886382
0.834147
0.775014
0.714395
0.841258
0.855698
0.747739
0.720487
0.856431
0.792316
0.812888
0.79295
0.825209
0.762994
0.797041
0.789051
0.842991
0.826049
0.79522
0.782621
0.747579
0.839595
0.842087
0.786085
0.775093
0.852468
0.782025
0.815199
0.744042
0.802562
0.787167
0.81738
0.798528
0.880038
0.787871
0.708625
0.767222
0.833183
0.802721
0.943303
0.71653
0.750858
0.786444
0.814421
0.782691
0.849538
0.875925
0.749533
0.746545
0.809947
0.84741
0.796032
0.808573
0.806771
0.803876
0.804984
0.785104
0.846963
0.769003
0.830098
0.927656
0.720018
0.696813
0.807062
0.834615
0.826646
0.821038
0.739522
0.82863
0.840572
0.788604
0.755285
0.816511
0.866409
0.726718
0.777491
0.77572
0.904357
0.775933
0.785073
0.777277
0.79465
0.868797
0.775206
0.816916
0.822138
0.781586
0.815261
0.758396
0.835234
0.787743
0.744205
0.824979
0.837784
0.831799
0.718358
0.762372
0.889392
0.851061
0.723822
0.743132
0.862554
0.776821
0.833134
0.771943
0.804705
0.784488
0.816359
0.851271
0.823529
0.697506
0.81724
0.795531
0.877895
0.772893
0.809432
0.809422
0.759523
0.830374
0.83287
0.793612
0.760498
0.849494
0.77531
0.791142
0.773154
0.820999
0.779953
0.793059
0.815399
0.819478
0.78835
0.819747
0.741225
0.809277
0.809288
0.776289
0.833637
0.830653
0.79712
0.695442
0.794231
0.846376
0.829344
0.802732
0.761203
0.742546
0.809902
0.815171
0.830488
0.835155
0.760977
0.843532
0.726095
0.831087
0.807943
0.813891
0.821128
0.725091
0.836259
0.726633
0.880245
0.760606
0.789725
0.756281
0.865863
0.765507
0.793741
0.790001
0.819182
0.842437
0.764713
0.839248
0.748796
0.782534
0.782679
0.850242
0.826106
0.797643
0.786903
0.790441
0.833813
0.767563
0.798994
0.778924
0.873623
0.759093
0.796527
0.821149
0.79913
0.816406
0.797216
0.788356
0.826387
0.738143
0.76971
0.769208
0.847382
0.787979
0.899815
0.802079
0.715484
0.832258
0.810978
0.804499
0.748382
0.790229
0.834831
0.764102
0.802587
0.845088
0.788732
0.80514
0.783726
0.727866
0.902002
0.77404
0.752201
0.860284
0.801006
0.795699
0.760973
0.818957
0.843165
0.808114
0.755863
0.863877
0.802007
0.767736
0.769652
0.826024
0.835353
0.775468
0.764192
0.77365
0.861523
0.810713
0.806137
0.749466
0.851421
0.793631
0.809556
0.80892
0.7267
0.83517
0.823347
0.799573
0.792564
0.750095
0.803789
0.857541
0.838632
0.737411
0.83507
0.759411
0.813392
0.824917
0.793143
0.812994
0.806335
0.718817
0.772132
0.81775
0.816002
0.842931
0.793683
0.814218
0.752719
0.842387
0.767268
0.857218
0.787755
0.780121
0.785606
0.8266
0.851418
0.770614
0.791894
0.829276
0.832757
0.756091
0.849205
0.829116
0.768501
0.819174
0.736582
0.818554
0.824121
0.781211
0.833515
0.823637
0.830771
0.742749
0.770386
0.76979
0.787983
0.828932
0.882536
0.746872
0.787846
0.780336
0.90284
0.73076
0.808612
0.805939
0.815832
0.735699
0.870045
0.82254
0.747223
0.840364
0.759346
0.789213
0.82779
0.8296
0.758844
0.816551
0.791565
0.821991
0.77517
0.822864
0.777575
0.790805
0.803172
0.852864
0.771139
0.745141
0.908526
0.767137
0.789264
0.766645
0.823973
0.749239
0.839021
0.839367
0.787598
0.744607
0.812269
0.798301
0.826347
0.798389
0.748646
0.819443
0.808645
0.834301
0.833215
0.787364
0.756013
0.766173
0.844836
0.854456
0.767944
0.815097
0.745949
0.765152
0.835706
0.819172
0.832716
0.725022
0.802222
0.86533
0.792882
0.815341
0.753728
0.81358
0.728961
0.84215
0.810098
0.786271
0.801633
0.830449
0.736656
0.860435
0.801197
0.790411
0.800951
0.779491
0.733187
0.913277
0.805952
0.786496
0.755231
0.809375
0.851392
0.789973
0.801251
0.819071
0.770555
0.784291
0.772359
0.769646
0.845175
0.863361
0.801687
0.774223
0.810901
0.742295
0.806086
0.810704
0.793963
0.833377
0.763442
0.771691
0.790732
0.828593
0.780672
0.870446
0.761602
0.760259
0.813331
0.749847
0.833555
0.835587
0.774087
0.825473
0.763045
0.822377
0.807785
0.755482
0.843147
0.804351
0.829117
0.746449
0.779893
0.826902
0.810024
0.755889
0.793754
0.821222
0.826521
0.804277
0.812436
0.797702
0.744916
0.83847
0.768992
0.862573
0.8039
0.763067
0.897948
0.745415
0.730644
0.8017
0.84951
0.782497
0.826686
0.759591
0.82259
0.78295
0.828806
0.798927
0.802666
0.87564
0.790631
0.765615
0.836482
0.770212
0.830002
0.735898
0.803771
0.732868
0.834725
0.824779
0.852341
0.758904
0.802672
0.769252
0.882361
0.838034
0.688751
0.819123
0.842787
0.773093
0.736004
0.807052
0.839092
0.772304
0.833895
0.837926
0.788478
0.782654
0.696064
0.803378
0.87235
0.789005
0.805299
0.798092
0.771854
0.853781
0.711305
0.826508
0.818223
0.887764
0.74459
0.803403
0.793935
0.734107
0.782679
0.821952
0.888319
0.81659
0.784675
0.718906
0.871412
0.849356
0.799332
0.803594
0.799825
0.757183
0.794922
0.842168
0.78613
0.749881
0.768166
0.842031
0.87854
0.81649
0.70555
0.774384
0.805096
0.825142
0.835847
0.849524
0.777476
0.759427
0.781154
0.837283
0.812125
0.815867
0.813312
0.75398
0.790014
0.829513
0.871104
0.77989
0.713975
0.781219
0.880324
0.775953
0.776728
0.828297
0.792847
0.802361
0.780986
0.777484
0.899875
0.758096
0.730064
0.837374
0.873117
0.745955
0.805586
0.793239
0.854956
0.727239
0.782791
0.885353
0.828563
0.782905
0.793855
0.746619
0.834322
0.773994
0.80996
0.782452
0.858423
0.785285
0.752233
0.853962
0.766698
0.797916
0.813978
0.84151
0.825175
0.814139
0.730464
0.816644
0.783345
0.805911
0.763809
0.854347
0.7734
0.829271
0.842702
0.798382
0.736114
0.824012
0.759941
0.878474
0.797198
0.734967
0.811318
0.811786
0.85232
0.77957
0.8688
0.801464
0.784244
0.751229
0.797027
0.828033
0.823936
0.809698
0.826922
0.840795
0.779227
0.736389
0.760839
0.79486
0.801002
0.891158
0.830865
0.708227
0.842776
0.799111
0.63029
0.841263
0.897924
0.766785
0.764278
0.756587
0.808556
0.799409
0.835292
0.808056
0.761673
0.840243
0.794935
0.825119
0.806512
0.812012
0.799913
0.757637
0.872006
0.821433
0.728173
0.86246
0.768713
0.831573
0.798434
0.786201
0.799699
0.789683
0.81969
0.810863
0.831451
0.768212
0.787555
0.842993
0.750529
0.832527
0.823407
0.808916
0.836025
0.747641
0.753927
0.837887
0.86321
0.755017
0.825532
0.763309
0.855728
0.745111
0.855116
0.769995
0.876627
0.742813
0.793696
0.783216
0.847103
0.762377
0.837353
0.808491
0.806091
0.751127
0.760681
0.839095
0.805263
0.880032
0.764067
0.784131
0.71598
0.800902
0.83094
0.753612
0.832745
0.821367
0.792214
0.760966
0.778445
0.83004
0.871484
0.739562
0.766099
0.81257
0.783891
0.810052
0.812888
0.833562
0.761177
0.740481
0.909725
0.781678
0.733964
0.769197
0.840592
0.837915
0.836934
0.75308
0.757367
0.795883
0.832354
0.775413
0.85701
0.753312
0.782084
0.767306
0.763802
0.852281
0.848006
0.75857
0.814938
0.752295
0.799379
0.845939
0.788816
0.779011
0.82072
0.802876
0.795604
0.883924
0.749114
0.829008
0.792519
0.771512
0.778839
0.850575
0.772521
0.795532
0.824193
0.831598
0.836447
0.770825
0.745151
0.859235
0.771812
0.779806
0.828585
0.801107
0.830322
0.815605
0.759668
0.806074
0.823529
0.846885
0.83004
0.750378
0.830489
0.76905
0.819577
0.825771
0.738409
0.749917
0.858233
0.882998
0.732105
0.860042
0.779125
0.795577
0.808164
0.790717
0.794801
0.81255
0.761336
0.838347
0.876372
0.697468
0.845084
0.759366
0.830704
0.783822
0.842366
0.83173
0.727704
0.793588
0.853889
0.818456
0.715968
0.845129
0.875602
0.765077
0.841938
0.768765
0.754799
0.870577
0.842644
0.777315
0.746256
0.78029
0.819054
0.829253
0.760278
0.883611
0.790079
0.736295
0.852808
0.802039
0.75959
0.790805
0.839772
0.829176
0.834971
0.721219
0.783815
0.840214
0.80131
0.805249
0.859632
0.776799
0.783502
0.79857
0.836386
0.779796
0.791024
0.780563
0.796112
0.839857
0.805256
0.804759
0.821603
0.776773
0.796581
0.750599
0.756419
0.855242
0.818201
0.768743
0.864954
0.745043
0.82767
0.792913
0.779712
0.811109
0.81208
0.819434
0.811075
0.765885
0.752004
0.846989
0.833883
0.749983
0.801777
0.830576
0.825413
0.789901
0.767168
0.822845
0.805988
0.761614
0.861377
0.769043
0.80743
0.731015
0.835084
0.82585
0.826951
0.750349
0.804197
0.802636
0.853147
0.809048
0.75742
0.866445
0.746619
0.871352
0.694292
0.90085
0.788413
0.744809
0.812235
0.879155
0.780027
0.803441
0.768023
0.772122
0.85276
0.831824
0.750243
0.823387
0.87538
0.698892
0.817596
0.822395
0.821315
0.722701
0.884078
0.759401
0.825834
0.780103
0.808524
0.814119
0.774294
0.825956
0.814611
0.774563
0.777385
0.771401
0.836189
0.83754
0.814533
0.72396
0.825311
0.752307
0.84674
0.806897
0.772975
0.864935
0.752855
0.817188
0.801668
0.789438
0.728163
0.903296
0.746814
0.844785
0.84036
0.751801
0.737863
0.805458
0.929989
0.761129
0.766645
0.903137
0.777637
0.800828
0.705697
0.796953
0.876942
0.764018
0.834277
0.847013
0.808408
0.739252
0.777513
0.836715
0.795601
0.873685
0.789851
0.798615
0.786747
0.764807
0.841324
0.745772
0.823661
0.884406
0.738574
0.762204
0.848501
0.840916
0.76413
0.850627
0.744135
0.840894
0.77321
0.851092
0.77878
0.712474
0.845113
0.879023
0.744896
0.747175
0.88862
0.754078
0.77711
0.833123
0.826184
0.74908
0.802458
0.863324
0.73418
0.872235
0.78578
0.80439
0.762492
0.801207
0.849248
0.855302
0.776807
0.723208
0.775988
0.850484
0.869718
0.808492
0.729176
0.790704
0.808712
0.830059
0.840357
0.799607
0.756244
0.807505
0.84578
0.751137
0.812778
0.776942
0.86977
0.823445
0.792771
0.817511
0.768655
0.771879
0.862081
0.826952
0.771008
0.854561
0.778855
0.709257
0.881082
0.843196
0.760224
0.779494
