-5.45642
-5.45849
-5.45887
-5.454
-5.45538
-5.45846
-5.45603
-5.45446
-5.4584
-5.45554
-5.45262
-5.45737
-5.45456
-5.45279
-5.45707
-5.45819
-5.45169
-5.45473
-5.45838
-5.4574
-5.46138
-5.45057
-5.46128
-5.45428
-5.45513
-5.45424
-5.45322
-5.45693
-5.45429
-5.45215
-5.45651
-5.45354
-5.4538
-5.45404
-5.45509
-5.44999
-5.45269
-5.45408
-5.45638
-5.45748
-5.45761
-5.45988
-5.4534
-5.46104
-5.4547
-5.45853
-5.45626
-5.45535
-5.45435
-5.45859
-5.45307
-5.4601
-5.45787
-5.45922
-5.45717
-5.4589
-5.45258
-5.45337
-5.45721
-5.45983
-5.45741
-5.45812
-5.45338
-5.45415
-5.4577
-5.45696
-5.45773
-5.45263
-5.45613
-5.45172
-5.45492
-5.45973
-5.45488
-5.45552
-5.45766
-5.45475
-5.45614
-5.46101
-5.45643
-5.45835
-5.4577
-5.45206
-5.45407
-5.45708
-5.45329
-5.45389
-5.45615
-5.4548
-5.45586
-5.45776
-5.45554
-5.4525
-5.45345
-5.45908
-5.45915
-5.4578
-5.4548
-5.45429
-5.45651
-5.45842
-5.45627
-5.45844
-5.45894
-5.45012
-5.45297
-5.45688
-5.45801
-5.45341
-5.45519
-5.45514
-5.45847
-5.4559
-5.45403
-5.46028
-5.4523
-5.45614
-5.45657
-5.45419
-5.45848
-5.45609
-5.45323
-5.4543
-5.4576
-5.45566
-5.45621
-5.45778
-5.4544
-5.45585
-5.45729
-5.4576
-5.458
-5.45175
-5.45993
-5.45911
-5.45969
-5.4571
-5.45232
-5.45665
-5.45435
-5.4577
-5.45713
-5.45578
-5.4533
-5.45683
-5.45416
-5.45188
-5.4551
-5.45596
-5.45255
-5.45571
-5.45376
-5.45252
-5.45218
-5.4555
-5.45225
-5.45824
-5.45644
-5.45654
-5.45484
-5.45086
-5.45723
-5.45544
-5.45276
-5.45267
-5.45541
-5.4566
-5.45932
-5.45655
-5.45708
-5.45414
-5.45437
-5.45642
-5.45592
-5.45723
-5.45641
-5.45643
-5.45723
-5.45761
-5.45422
-5.45193
-5.45563
-5.45488
-5.45567
-5.4575
-5.45717
-5.45252
-5.45023
-5.45382
-5.45987
-5.45878
-5.45765
-5.45597
-5.45525
-5.46036
-5.45988
-5.45539
-5.45619
-5.45854
-5.45849
-5.45821
-5.45591
-5.45353
-5.45355
-5.4603
-5.45146
-5.45939
-5.4548
-5.45469
-5.45835
-5.45495
-5.45164
-5.45108
-5.46105
-5.45212
-5.45157
-5.45761
-5.45797
-5.45567
-5.45563
-5.45511
-5.45647
-5.45289
-5.4533
-5.45502
-5.4538
-5.45542
-5.45621
-5.4574
-5.45644
-5.45906
-5.45418
-5.44953
-5.45194
-5.45954
-5.45296
-5.45598
-5.45474
-5.4579
-5.45385
-5.45429
-5.45285
-5.45533
-5.45215
-5.45563
-5.4591
-5.45841
-5.46156
-5.45249
-5.45329
-5.45612
-5.45105
-5.4543
-5.45535
-5.45749
-5.45752
-5.45572
-5.45471
-5.45094
-5.45186
-5.4554
-5.45715
-5.45281
-5.45874
-5.45747
-5.45537
-5.45652
-5.45693
-5.45623
-5.45134
-5.45938
-5.45866
-5.45521
-5.45431
-5.4565
-5.45558
-5.457
-5.45301
-5.45541
-5.45867
-5.45824
-5.46043
-5.45481
-5.45698
-5.45936
-5.45568
-5.45379
-5.45657
-5.45769
-5.46102
-5.45564
-5.45597
-5.45704
-5.45391
-5.45456
-5.45574
-5.45553
-5.45824
-5.45643
-5.45743
-5.45546
-5.45529
-5.45496
-5.45899
-5.45348
-5.45392
-5.45481
-5.45271
-5.45888
-5.46204
-5.45289
-5.44978
-5.45963
-5.45464
-5.45848
-5.45419
-5.45257
-5.4605
-5.45085
-5.45365
-5.45655
-5.45331
-5.45418
-5.45654
-5.45238
-5.45784
-5.45425
-5.45453
-5.45498
-5.45314
-5.45419
-5.4523
-5.45255
-5.45207
-5.45416
-5.45428
-5.45481
-5.4554
-5.45862
-5.45549
-5.45442
-5.45705
-5.45573
-5.45448
-5.45421
-5.45453
-5.45583
-5.45553
-5.45593
-5.45108
-5.45899
-5.45778
-5.45049
-5.45745
-5.46127
-5.45278
-5.46024
-5.4558
-5.45298
-5.45873
-5.45918
-5.4567
-5.45726
-5.45913
-5.45941
-5.45335
-5.45718
-5.44943
-5.45239
-5.45871
-5.4538
-5.45653
-5.45894
-5.4531
-5.45732
-5.45569
-5.4608
-5.45809
-5.45521
-5.45891
-5.45497
-5.45541
-5.45765
-5.45323
-5.45329
-5.45411
-5.45601
-5.45366
-5.45259
-5.45784
-5.45417
-5.45715
-5.45217
-5.45611
-5.45312
-5.4523
-5.45477
-5.45451
-5.45574
-5.45443
-5.45393
-5.45136
-5.45284
-5.45652
-5.45469
-5.45295
-5.45656
-5.45668
-5.45985
-5.44823
-5.45384
-5.45203
-5.45711
-5.45712
-5.45548
-5.45398
-5.45383
-5.45405
-5.45409
-5.45343
-5.45564
-5.45662
-5.45612
-5.4511
-5.4549
-5.45563
-5.45267
-5.45662
-5.45851
-5.45904
-5.45478
-5.45135
-5.45098
-5.45651
-5.4569
-5.45609
-5.45392
-5.45403
-5.45209
-5.45389
-5.45642
-5.45657
-5.45398
-5.45543
-5.45542
-5.45499
-5.45743
-5.45646
-5.45988
-5.45627
-5.45562
-5.45337
-5.45482
-5.45891
-5.45326
-5.45555
-5.45569
-5.45728
-5.45543
-5.45285
-5.45277
-5.4544
-5.45663
-5.45413
-5.45574
-5.45683
-5.45709
-5.45365
-5.45556
-5.45501
-5.45728
-5.45442
-5.44918
-5.45787
-5.45242
-5.45578
-5.45612
-5.45687
-5.45977
-5.45377
-5.45424
-5.4508
-5.45842
-5.45484
-5.45582
-5.45145
-5.45756
-5.4548
-5.45471
-5.45698
-5.45695
-5.45832
-5.45352
-5.45518
-5.45884
-5.45798
-5.45635
-5.45958
-5.45488
-5.45285
-5.45477
-5.45496
-5.45735
-5.45447
-5.45555
-5.45437
-5.45042
-5.45314
-5.45528
-5.45455
-5.45448
-5.45786
-5.4549
-5.45537
-5.45575
-5.45856
-5.457
-5.45208
-5.45545
-5.45152
-5.45305
-5.45649
-5.45611
-5.45753
-5.45479
-5.45704
-5.45355
-5.45492
-5.45325
-5.45593
-5.45492
-5.45841
-5.45694
-5.45837
-5.45589
-5.45475
-5.45593
-5.45852
-5.45849
-5.45586
-5.45497
-5.4571
-5.45392
-5.45871
-5.45378
-5.45455
-5.45846
-5.45206
-5.45598
-5.45705
-5.45903
-5.45582
-5.45256
-5.45318
-5.45472
-5.45224
-5.45188
-5.45746
-5.45431
-5.45275
-5.45484
-5.45595
-5.4543
-5.45544
-5.45131
-5.45385
-5.45161
-5.45433
-5.45736
-5.45414
-5.45675
-5.45228
-5.45398
-5.45439
-5.45831
-5.45808
-5.45746
-5.4554
-5.45443
-5.45741
-5.45569
-5.45508
-5.45553
-5.45637
-5.45502
-5.45768
-5.45942
-5.4563
-5.44901
-5.45395
-5.45345
-5.4621
-5.45694
-5.45515
-5.45378
-5.45792
-5.45754
-5.45807
-5.45669
-5.45461
-5.45012
-5.45645
-5.45772
-5.45492
-5.45891
-5.45221
-5.45497
-5.45481
-5.45359
-5.45659
-5.45711
-5.45688
-5.45246
-5.45375
-5.45926
-5.45075
-5.46117
-5.44903
-5.45228
-5.45776
-5.45492
-5.45236
-5.45524
-5.45415
-5.45069
-5.45115
-5.45386
-5.45335
-5.45387
-5.4521
-5.458
-5.45171
-5.45516
-5.45513
-5.45325
-5.45647
-5.45333
-5.44979
-5.45457
-5.46019
-5.45343
-5.45352
-5.45819
-5.45396
-5.45323
-5.454
-5.44887
-5.45535
-5.45464
-5.45631
-5.45387
-5.45731
-5.45486
-5.45663
-5.45465
-5.45505
-5.4592
-5.45693
-5.45488
-5.4573
-5.45565
-5.45459
-5.45295
-5.45624
-5.45438
-5.45382
-5.45257
-5.45656
-5.45646
-5.4521
-5.45424
-5.45503
-5.45252
-5.45157
-5.45767
-5.46125
-5.45195
-5.45343
-5.45805
-5.45587
-5.45478
-5.45418
-5.45448
-5.459
-5.45912
-5.45588
-5.45377
-5.45613
-5.45697
-5.45546
-5.45507
-5.45085
-5.45455
-5.45619
-5.45255
-5.45811
-5.45404
-5.44988
-5.45393
-5.44861
-5.45401
-5.45784
-5.45308
-5.45256
-5.45358
-5.45501
-5.45281
-5.45738
-5.45402
-5.45098
-5.45346
-5.4512
-5.45161
-5.45598
-5.45423
-5.45898
-5.45211
-5.45161
-5.4539
-5.45557
-5.45286
-5.45307
-5.45688
-5.45276
-5.44846
-5.45477
-5.45174
-5.45129
-5.45296
-5.45533
-5.45514
-5.45384
-5.45313
-5.45368
-5.45602
-5.45252
-5.45597
-5.45778
-5.45698
-5.45336
-5.45057
-5.45649
-5.45202
-5.45341
-5.45412
-5.45542
-5.44879
-5.45077
-5.45314
-5.45386
-5.45043
-5.45696
-5.45316
-5.45249
-5.45553
-5.45855
-5.45534
-5.45224
-5.4551
-5.45254
-5.45457
-5.45653
-5.45062
-5.44926
-5.45314
-5.4562
-5.45257
-5.45793
-5.45219
-5.45831
-5.45188
-5.45486
-5.45343
-5.45521
-5.45194
-5.45106
-5.4518
-5.45707
-5.45759
-5.45079
-5.45186
-5.45196
-5.45597
-5.45248
-5.45423
-5.45154
-5.45104
-5.45231
-5.45764
-5.45484
-5.45504
-5.45235
-5.4537
-5.45416
-5.45558
-5.45479
-5.45199
-5.45284
-5.45806
-5.4469
-5.45395
-5.45342
-5.45807
-5.45836
-5.45707
-5.4512
-5.45619
-5.4607
-5.45721
-5.45641
-5.45495
-5.45415
-5.45281
-5.45459
-5.45678
-5.4567
-5.45863
-5.46041
-5.4552
-5.45532
-5.45171
-5.45276
-5.45536
-5.45583
-5.45481
-5.45155
-5.44999
-5.45169
-5.45893
-5.45658
-5.45801
-5.45849
-5.45799
-5.45639
-5.45451
-5.44848
-5.45452
-5.45145
-5.45221
-5.45719
-5.45375
-5.45074
-5.45354
-5.45042
-5.45406
-5.4539
-5.45216
-5.45508
-5.45204
-5.44901
-5.45331
-5.45474
-5.44961
-5.45829
-5.45255
-5.45289
-5.45441
-5.45394
-5.45143
-5.4508
-5.45546
-5.45542
-5.4502
-5.44946
-5.44897
-5.45503
-5.45146
-5.45307
-5.45497
-5.45402
-5.45519
-5.45589
-5.45204
-5.45424
-5.45314
-5.44853
-5.45548
-5.45294
-5.4537
-5.45225
-5.45371
-5.45199
-5.45431
-5.45257
-5.45142
-5.44965
-5.45467
-5.4574
-5.45433
-5.45532
-5.44997
-5.45116
-5.45411
-5.45074
-5.45472
-5.45556
-5.45547
-5.45872
-5.45413
-5.45537
-5.45097
-5.45548
-5.45622
-5.45693
-5.45264
-5.45136
-5.4551
-5.4545
-5.45505
-5.45554
-5.46042
-5.45941
-5.45513
-5.45493
-5.45592
-5.45499
-5.46088
-5.4558
-5.46015
-5.45504
-5.45161
-5.45202
-5.45637
-5.45751
-5.45688
-5.45477
-5.45209
-5.45068
-5.45487
-5.45713
-5.45541
-5.46076
-5.45823
-5.45
-5.45282
-5.45523
-5.45428
-5.45327
-5.45598
-5.44979
-5.45635
-5.45194
-5.45217
-5.45578
-5.45859
-5.45318
-5.45493
-5.45377
-5.45427
-5.45232
-5.44956
-5.4528
-5.45047
-5.45424
-5.4531
-5.45204
-5.46043
-5.44905
-5.45686
-5.45919
-5.45028
-5.45133
-5.45538
-5.45576
-5.4555
-5.45902
-5.45073
-5.45388
-5.45354
-5.44816
-5.45302
-5.4537
-5.45422
-5.45743
-5.45192
-5.45406
-5.45439
-5.45465
-5.45696
-5.45406
-5.45551
-5.44913
-5.45175
-5.45181
-5.45154
-5.45515
-5.45427
-5.45395
-5.45474
-5.4526
-5.45427
-5.45646
-5.45797
-5.45479
-5.45365
-5.45357
-5.45742
-5.45918
-5.45249
-5.4517
-5.45656
-5.45676
-5.45384
-5.45449
-5.45531
-5.45526
-5.45438
-5.45198
-5.45212
-5.45168
-5.45375
-5.45333
-5.45496
-5.45073
-5.45402
-5.45428
-5.45462
-5.457
-5.45224
-5.4499
-5.45134
-5.45447
-5.45244
-5.45439
-5.45373
-5.45524
-5.45533
-5.44803
-5.45346
-5.46219
-5.45475
-5.45301
-5.45742
-5.45383
-5.45311
-5.45127
-5.45526
-5.45317
-5.45844
-5.45831
-5.45386
-5.45515
-5.45413
-5.45995
-5.45482
-5.44795
-5.45565
-5.4561
-5.45132
-5.45171
-5.45449
-5.45488
-5.455
-5.45366
-5.45431
-5.45407
-5.4513
-5.45263
-5.45056
-5.45476
-5.45673
-5.45828
-5.45275
-5.45221
-5.45319
-5.45292
-5.4531
-5.45848
-5.45577
-5.45356
-5.45202
-5.4481
-5.45303
-5.45141
-5.45126
-5.44945
-5.45641
-5.45691
-5.45292
-5.45415
-5.45238
-5.45554
-5.45806
-5.45765
-5.45568
-5.45343
-5.4557
-5.45576
-5.45752
-5.45045
-5.45509
-5.45585
-5.45491
-5.45217
-5.45225
-5.45237
-5.45544
-5.44849
-5.45428
-5.45327
-5.45387
-5.45063
-5.45792
-5.45415
-5.45417
-5.45734
-5.45554
-5.45608
-5.45785
-5.45122
-5.4611
-5.45697
-5.45572
-5.45238
-5.45441
-5.45453
-5.45774
-5.45263
-5.45405
-5.45404
-5.45244
-5.45839
-5.45184
-5.45405
-5.45214
-5.45618
-5.45726
-5.4572
-5.45194
-5.45549
-5.45451
-5.45359
-5.45676
-5.45576
-5.45252
-5.45661
-5.4567
-5.44863
-5.45404
-5.45014
-5.45687
-5.46074
-5.45822
-5.44829
-5.45403
-5.45147
-5.45561
-5.45725
-5.45315
-5.45403
-5.45791
-5.45729
-5.4565
-5.45477
-5.45177
-5.45799
-5.45698
-5.45119
-5.45389
-5.45756
-5.44743
-5.45615
-5.45384
-5.45671
-5.4529
-5.45459
-5.45551
-5.45516
-5.45854
-5.45508
-5.45291
-5.45794
-5.45573
-5.45257
-5.45336
-5.45417
-5.45433
-5.45153
-5.4553
-5.45356
-5.44785
-5.45517
-5.45623
-5.4551
-5.45684
-5.45551
-5.44974
-5.45317
-5.45373
-5.4584
-5.46072
-5.4558
-5.45539
-5.45561
-5.45106
-5.45715
-5.45784
-5.45959
-5.4541
-5.4532
-5.45375
-5.45346
-5.45243
-5.45722
-5.4586
-5.45172
-5.4567
-5.45376
-5.45557
-5.45519
-5.45307
-5.4571
-5.45484
-5.454
-5.45267
-5.45652
-5.45548
-5.45112
-5.45827
-5.45519
-5.45362
-5.45023
-5.4566
-5.45627
-5.45539
-5.45672
-5.45272
-5.45584
-5.45589
-5.45671
-5.45496
-5.4543
-5.45838
-5.45588
-5.45025
-5.45586
-5.45938
-5.45751
-5.45009
-5.45451
-5.45687
-5.45005
-5.45143
-5.45545
-5.45397
-5.45179
-5.45375
-5.451
-5.44955
-5.455
-5.4525
-5.45408
-5.45404
-5.45502
-5.44909
-5.4549
-5.45463
-5.45788
-5.45156
-5.45591
-5.45841
-5.4537
-5.45052
-5.44821
-5.45947
-5.45605
-5.45858
-5.4513
-5.45464
-5.45314
-5.45092
-5.45662
-5.45543
-5.45356
-5.45445
-5.45353
-5.45432
-5.46139
-5.45531
-5.4549
-5.45545
-5.45277
-5.45476
-5.45401
-5.45741
-5.45389
-5.4542
-5.45146
-5.45602
-5.45929
-5.45252
-5.45458
-5.45515
-5.45295
-5.44956
-5.45426
-5.45418
-5.44913
-5.45563
-5.45204
-5.45406
-5.44819
-5.45512
-5.45746
-5.45744
-5.45171
-5.45475
-5.45433
-5.45334
-5.45427
-5.45556
-5.45789
-5.45669
-5.45524
-5.45136
-5.45775
-5.45785
-5.4572
-5.4596
-5.45586
-5.45421
-5.45179
-5.45704
-5.4536
-5.45542
-5.45175
-5.45384
-5.45432
-5.45734
-5.45333
-5.45645
-5.45225
-5.45474
-5.45336
-5.45421
-5.45193
-5.45021
-5.46009
-5.45449
-5.45479
-5.4513
-5.45385
-5.4555
-5.45463
-5.44941
-5.45599
-5.45335
-5.4514
-5.45202
-5.45674
-5.45423
-5.45467
-5.44965
-5.45352
-5.45452
-5.45272
-5.44984
-5.45198
-5.45202
-5.45463
-5.45018
-5.45688
-5.45739
-5.45512
-5.45093
-5.45711
-5.45169
-5.45503
-5.45889
-5.45674
-5.45546
-5.45208
-5.45563
-5.45629
-5.45499
-5.45472
-5.45405
-5.45335
-5.4541
-5.45628
-5.45198
-5.4528
-5.45223
-5.45696
-5.45669
-5.45442
-5.4552
-5.45166
-5.45462
-5.45887
-5.45103
-5.45652
-5.45367
-5.45445
-5.46056
-5.45717
-5.45739
-5.45126
-5.45933
-5.45673
-5.45309
-5.45552
-5.45713
-5.45626
-5.45758
-5.45213
-5.45597
-5.4538
-5.45303
-5.45324
-5.45709
-5.45019
-5.45514
-5.45181
-5.45563
-5.45497
-5.44836
-5.45378
-5.45298
-5.4503
-5.45782
-5.45856
-5.45384
-5.4547
-5.45393
-5.45603
-5.45212
-5.45191
-5.45443
-5.4555
-5.45271
-5.45604
-5.44601
-5.45411
-5.45131
-5.44943
-5.45593
-5.45303
-5.449
-5.4549
-5.44992
-5.45216
-5.45026
-5.44782
-5.45205
-5.45642
-5.45435
-5.4544
-5.45408
-5.45738
-5.45521
-5.45091
-5.45557
-5.4548
-5.45654
-5.45138
-5.45471
-5.45239
-5.45505
-5.45596
-5.45317
-5.45655
-5.45698
-5.45502
-5.45625
-5.45596
-5.45281
-5.4582
-5.45504
-5.45741
-5.4506
-5.45228
-5.45894
-5.45156
-5.45513
-5.456
-5.45531
-5.45704
-5.45155
-5.45247
-5.45722
-5.45478
-5.4513
-5.452
-5.45794
-5.45638
-5.45379
-5.44952
-5.45808
-5.45306
-5.45178
-5.45622
-5.45303
-5.45213
-5.45154
-5.45386
-5.45621
-5.45499
-5.45392
-5.45458
-5.45623
-5.45685
-5.4573
-5.4539
-5.45727
-5.4556
-5.45613
-5.45353
-5.45083
-5.44824
-5.45507
-5.45416
-5.45556
-5.45495
-5.45656
-5.45645
-5.45423
-5.45466
-5.4556
-5.45585
-5.45356
-5.45454
-5.45858
-5.45326
-5.4534
-5.45199
-5.45428
-5.45452
-5.45302
-5.45649
-5.45312
-5.45529
-5.45587
-5.45891
-5.4564
-5.45786
-5.45056
-5.45677
-5.4588
-5.4553
-5.4585
-5.44824
-5.45008
-5.45312
-5.45142
-5.45669
-5.45312
-5.45238
-5.45512
-5.4517
-5.45361
-5.45071
-5.45275
-5.45515
-5.45083
-5.45308
-5.45441
-5.45883
-5.45638
-5.45667
-5.45311
-5.45674
-5.45921
-5.4545
-5.45673
-5.45611
-5.45417
-5.45671
-5.45539
-5.45677
-5.45482
-5.45229
-5.45304
-5.45489
-5.45828
-5.45014
-5.4484
-5.4551
-5.45764
-5.45265
-5.45544
-5.4539
-5.45401
-5.45449
-5.45028
-5.45247
-5.45565
-5.45517
-5.4581
-5.45108
-5.45124
-5.45393
-5.45239
-5.45771
-5.45335
-5.45395
-5.45465
-5.45518
-5.45962
-5.45591
-5.45233
-5.44609
-5.4557
-5.45505
-5.45467
-5.45042
-5.44967
-5.45654
-5.45314
-5.45422
-5.45337
-5.4514
-5.4557
-5.45177
-5.45576
-5.45041
-5.45458
-5.45212
-5.45277
-5.45523
-5.45435
-5.45362
-5.45445
-5.45359
-5.45627
-5.45414
-5.4516
-5.45663
-5.45815
-5.45449
-5.45791
-5.45106
-5.45661
-5.45673
-5.45108
-5.45367
-5.45419
-5.45489
-5.46106
-5.44821
-5.45195
-5.45704
-5.45217
-5.4555
-5.45443
-5.45427
-5.45002
-5.45201
-5.45847
-5.45837
-5.45564
-5.45111
-5.45054
-5.45142
-5.45075
-5.44891
-5.45426
-5.45556
-5.45217
-5.45308
-5.45535
-5.45081
-5.45164
-5.45442
-5.45308
-5.45246
-5.45481
-5.45774
-5.45596
-5.45474
-5.45469
-5.4548
-5.45253
-5.4552
-5.45422
-5.45577
-5.45316
-5.45318
-5.45501
-5.4532
-5.45436
-5.44908
-5.45384
-5.45097
-5.45348
-5.45275
-5.45176
-5.4521
-5.45468
-5.45066
-5.45405
-5.45253
-5.45103
-5.44829
-5.45644
-5.45629
-5.46014
-5.45869
-5.45455
-5.45508
-5.45352
-5.45198
-5.45375
-5.45685
-5.45709
-5.45125
-5.45492
-5.45235
-5.45249
-5.44932
-5.45585
-5.45572
-5.45409
-5.45067
-5.45028
-5.45564
-5.4501
-5.45067
-5.45131
-5.45123
-5.45158
-5.4558
-5.45425
-5.44966
-5.45573
-5.45846
-5.45281
-5.45342
-5.45444
-5.45309
-5.45539
-5.45691
-5.45219
-5.45183
-5.45044
-5.45245
-5.45672
-5.45177
-5.45416
-5.4531
-5.45116
-5.45313
-5.45523
-5.45185
-5.45396
-5.45291
-5.45455
-5.45504
-5.45143
-5.44993
-5.45798
-5.44912
-5.45012
-5.45253
-5.45437
-5.45939
-5.4552
-5.45133
-5.45111
-5.4544
-5.45226
-5.4575
-5.46015
-5.45001
-5.45139
-5.44787
-5.45357
-5.4513
-5.45244
-5.45663
-5.45599
-5.45162
-5.44973
-5.45009
-5.45547
-5.45492
-5.45931
-5.45802
-5.45151
-5.45503
-5.45217
-5.45845
-5.44736
-5.45056
-5.45267
-5.45117
-5.45317
-5.456
-5.45681
-5.4489
-5.45472
-5.45592
-5.45652
-5.45544
-5.45342
-5.4474
-5.45375
-5.45589
-5.46221
-5.45122
-5.45112
-5.45496
-5.45754
-5.45573
-5.45417
-5.45279
-5.45256
-5.45884
-5.45232
-5.45517
-5.4503
-5.45119
-5.45621
-5.45582
-5.4535
-5.44995
-5.45207
-5.4543
-5.45419
-5.45358
-5.45814
-5.45229
-5.45393
-5.45262
-5.45542
-5.45455
-5.45229
-5.45559
-5.45608
-5.45824
-5.45176
-5.45035
-5.45238
-5.45514
-5.45435
-5.4539
-5.45137
-5.45199
-5.45571
-5.45621
-5.45583
-5.45124
-5.45531
-5.4498
-5.45917
-5.45351
-5.45464
-5.4535
-5.45426
-5.45396
-5.45652
-5.45531
-5.45773
-5.45077
-5.45708
-5.45343
-5.45185
-5.44716
-5.45346
-5.4545
-5.45276
-5.45486
-5.45213
-5.45553
-5.45253
-5.45607
-5.45247
-5.45394
-5.45398
-5.45199
-5.45503
-5.45411
-5.45112
-5.45537
-5.45257
-5.45222
-5.44909
-5.45601
-5.45783
-5.45186
-5.45505
-5.45178
-5.4542
-5.4527
-5.45657
-5.4563
-5.45546
-5.45488
-5.45181
-5.4526
-5.45573
-5.45604
-5.45837
-5.45771
-5.45446
-5.45192
-5.45123
-5.45435
-5.44882
-5.45262
-5.46077
-5.45547
-5.45406
-5.45444
-5.45733
-5.45843
-5.45395
-5.45397
-5.45313
-5.44793
-5.45103
-5.45392
-5.45204
-5.45545
-5.45733
-5.45355
-5.45598
-5.45393
-5.45193
-5.45527
-5.45576
-5.45075
-5.45459
-5.45449
-5.45754
-5.45756
-5.45382
-5.45491
-5.45118
-5.45801
-5.45341
-5.45401
-5.45311
-5.45213
-5.4532
-5.45647
-5.45137
-5.45436
-5.45426
-5.45023
-5.45239
-5.44944
-5.45364
-5.45777
-5.45178
-5.45329
-5.45311
-5.4568
-5.45449
-5.45132
-5.45314
-5.44917
-5.45387
-5.45128
-5.451
-5.45461
-5.45319
-5.45502
-5.45388
-5.45239
-5.45215
-5.45383
-5.45651
-5.4568
-5.45205
-5.44868
-5.45276
-5.4547
-5.4579
-5.45446
-5.45774
-5.45629
-5.45126
-5.45311
-5.45619
-5.4557
-5.45481
-5.45075
-5.45229
-5.45707
-5.45328
-5.44966
-5.44699
-5.45414
-5.45475
-5.44929
-5.45365
-5.45307
-5.4536
-5.45362
-5.4513
-5.45273
-5.44726
-5.45063
-5.45082
-5.4548
-5.45518
-5.45527
-5.45233
-5.45224
-5.44903
-5.45282
-5.45296
-5.45496
-5.45374
-5.45218
-5.45104
-5.45591
-5.4521
-5.45438
-5.45234
-5.4536
-5.45536
-5.45577
-5.45322
-5.44423
-5.4507
-5.45352
-5.45125
-5.45174
-5.4544
-5.45316
-5.45655
-5.45211
-5.44944
-5.45513
-5.45468
-5.45324
-5.45252
-5.45273
-5.44928
-5.45352
-5.45013
-5.45138
-5.45357
-5.45652
-5.45538
-5.45394
-5.45523
-5.45244
-5.44847
-5.45285
-5.45208
-5.45637
-5.45542
-5.45452
-5.45385
-5.4484
-5.45523
-5.45712
-5.45637
-5.45488
-5.45114
-5.45239
-5.45604
-5.45392
-5.45728
-5.45874
-5.45763
-5.45497
-5.45363
-5.45352
-5.45383
-5.454
-5.45262
-5.44971
-5.45321
-5.45049
-5.45372
-5.45496
-5.45305
-5.45816
-5.45257
-5.4584
-5.45453
-5.45462
-5.45624
-5.4505
-5.45454
-5.45445
-5.45524
-5.45698
-5.45534
-5.45503
-5.45408
-5.45384
-5.4531
-5.4481
-5.45126
-5.44907
-5.45301
-5.45511
-5.45039
-5.45097
-5.45167
-5.45217
-5.45196
-5.45751
-5.45601
-5.45176
-5.45408
-5.45113
-5.44944
-5.45353
-5.45457
-5.45287
-5.45364
-5.45228
-5.45511
-5.45555
-5.45535
-5.45374
-5.45281
-5.45689
-5.44947
-5.4551
-5.45141
-5.45371
-5.45426
-5.45323
-5.45555
-5.4551
-5.45315
-5.45581
-5.45262
-5.45653
-5.45152
-5.45451
-5.45177
-5.45061
-5.45753
-5.45547
-5.45692
-5.45854
-5.45392
-5.45032
-5.45411
-5.45739
-5.45429
-5.45242
-5.45468
-5.4525
-5.4589
-5.45636
-5.45325
-5.45964
-5.45339
-5.45375
-5.44992
-5.4521
-5.45484
-5.45384
-5.4517
-5.45597
-5.45317
-5.45363
-5.45177
-5.4558
-5.45316
-5.44868
-5.45192
-5.44827
-5.45414
-5.45065
-5.45214
-5.45099
-5.44904
-5.45407
-5.4527
-5.45033
-5.45223
-5.45711
-5.44864
-5.45108
-5.45623
-5.45358
-5.44928
-5.45425
-5.45466
-5.45474
-5.45421
-5.45723
-5.45311
-5.45654
-5.4507
-5.45459
-5.45605
-5.45548
-5.45287
-5.45049
-5.45796
-5.45276
-5.45462
-5.45035
-5.45356
-5.45456
-5.45467
-5.45344
-5.4589
-5.45671
-5.45135
-5.45166
-5.45101
-5.45304
-5.45728
-5.45423
-5.4492
-5.45587
-5.45097
-5.45512
-5.45877
-5.45018
-5.45202
-5.45232
-5.45231
-5.4534
-5.45226
-5.45248
-5.45367
-5.45213
-5.45202
-5.45463
-5.44962
-5.4503
-5.45575
-5.44967
-5.45405
-5.45641
-5.45548
-5.45309
-5.45097
-5.45691
-5.44909
-5.44924
-5.45175
-5.45161
-5.45133
-5.45033
-5.45293
-5.45487
-5.4546
-5.44944
-5.45173
-5.45629
-5.45622
-5.45761
-5.45553
-5.45614
-5.45503
-5.45667
-5.4551
-5.44834
-5.45231
-5.45065
-5.45529
-5.456
-5.4512
-5.45366
-5.45139
-5.45292
-5.45113
-5.45252
-5.45307
-5.4528
-5.45594
-5.4572
-5.45329
-5.45308
-5.4548
-5.45431
-5.45607
-5.45984
-5.45714
-5.45407
-5.45671
-5.45191
-5.45065
-5.45297
-5.45351
-5.45583
-5.45326
-5.45269
-5.45618
-5.45519
-5.45365
-5.45003
-5.45261
-5.45423
-5.45394
-5.45375
-5.44936
-5.45694
-5.45348
-5.45198
-5.45283
-5.45526
-5.45023
-5.45535
-5.44916
-5.45648
-5.45072
-5.45733
-5.45523
-5.4567
-5.45628
-5.45563
-5.46066
-5.45393
-5.45427
-5.45486
-5.4491
-5.45368
-5.45088
-5.45037
-5.45312
-5.45138
-5.45265
-5.45592
-5.45623
-5.45239
-5.45598
-5.45339
-5.45763
-5.45316
-5.45662
-5.45004
-5.45358
-5.45005
-5.45515
-5.45054
-5.44827
-5.45426
-5.45367
-5.45445
-5.4527
-5.45303
-5.45306
-5.45481
-5.44933
-5.45727
-5.4512
-5.45143
-5.45298
-5.45435
-5.4548
-5.45314
-5.45171
-5.45517
-5.45429
-5.45372
-5.45322
-5.45346
-5.45562
-5.44974
-5.45276
-5.44953
-5.45204
-5.45514
-5.45294
-5.44964
-5.45301
-5.45403
-5.45017
-5.454
-5.45379
-5.45449
-5.45191
-5.45297
-5.45475
-5.45524
-5.44894
-5.45409
-5.45286
-5.45828
-5.45334
-5.45766
-5.45553
-5.4562
-5.45369
-5.44894
-5.45123
-5.45319
-5.452
-5.45251
-5.44902
-5.45071
-5.45266
-5.45421
-5.45733
-5.45606
-5.45193
-5.4516
-5.4523
-5.45332
-5.45638
-5.45065
-5.45362
-5.45035
-5.45326
-5.45042
-5.45248
-5.45136
-5.45236
-5.44933
-5.45234
-5.45659
-5.45391
-5.45133
-5.45643
-5.45623
-5.45209
-5.44884
-5.45569
-5.45612
-5.45535
-5.45569
-5.4544
-5.45202
-5.45245
-5.45293
-5.45735
-5.45257
-5.45063
-5.45431
-5.45744
-5.45635
-5.45377
-5.45771
-5.45515
-5.45056
-5.45017
-5.45525
-5.45123
-5.45707
-5.45434
-5.44901
-5.4489
-5.452
-5.45106
-5.45422
-5.45219
-5.45335
-5.45455
-5.45161
-5.4587
-5.4539
-5.45158
-5.45853
-5.45683
-5.45826
-5.45182
-5.45796
-5.4535
-5.45419
-5.45391
-5.45236
-5.45505
-5.45382
-5.45431
-5.44978
-5.45413
-5.45438
-5.45259
-5.45362
-5.44907
-5.45151
-5.45673
-5.45283
-5.45047
-5.45339
-5.45448
-5.45553
-5.45555
-5.45208
-5.45342
-5.45171
-5.45506
-5.45318
-5.45373
-5.44989
-5.45199
-5.44784
-5.45565
-5.45156
-5.45148
-5.4571
-5.45112
-5.45188
-5.45331
-5.45108
-5.45214
-5.45046
-5.4554
-5.45463
-5.45974
-5.45665
-5.45321
-5.45235
-5.45622
-5.45228
-5.4516
