-6.59322
-6.81673
-6.69585
-6.57275
-6.55714
-6.66767
-6.66335
-6.65296
-6.73705
-6.60241
-6.70466
-6.55663
-6.68273
-6.60309
-6.71984
-6.68135
-6.59122
-6.58155
-6.68762
-6.67875
-6.75794
-6.54192
-6.76709
-6.60532
-6.63764
-6.66769
-6.69607
-6.63331
-6.67006
-6.62155
-6.61813
-6.67581
-6.63753
-6.65734
-6.65357
-6.51575
-6.74036
-6.62863
-6.69545
-6.68804
-6.67025
-6.68056
-6.57789
-6.68711
-6.67101
-6.72163
-6.72811
-6.57619
-6.59353
-6.6162
-6.67512
-6.701
-6.71978
-6.62362
-6.65789
-6.72696
-6.61687
-6.61664
-6.64203
-6.7905
-6.60614
-6.59459
-6.53733
-6.73931
-6.69428
-6.64928
-6.6006
-6.68528
-6.66455
-6.58595
-6.58452
-6.80551
-6.65339
-6.59197
-6.6342
-6.70058
-6.61224
-6.66705
-6.64393
-6.68194
-6.71239
-6.59151
-6.67033
-6.69551
-6.67194
-6.67515
-6.66747
-6.65002
-6.5691
-6.745
-6.5876
-6.65028
-6.6126
-6.72082
-6.7551
-6.73963
-6.57231
-6.54244
-6.67968
-6.69574
-6.61298
-6.62586
-6.77373
-6.57434
-6.64346
-6.76911
-6.6152
-6.65652
-6.67593
-6.64048
-6.68974
-6.62033
-6.71383
-6.63638
-6.65535
-6.64073
-6.73126
-6.60762
-6.58933
-6.68723
-6.62144
-6.67099
-6.72795
-6.69622
-6.63604
-6.63672
-6.63428
-6.72882
-6.60606
-6.65738
-6.77234
-6.42932
-6.66318
-6.73619
-6.71777
-6.68663
-6.6252
-6.61943
-6.60905
-6.58023
-6.80844
-6.62282
-6.68844
-6.64778
-6.63708
-6.73238
-6.55145
-6.61682
-6.69835
-6.63302
-6.70005
-6.757
-6.59338
-6.55543
-6.63594
-6.82273
-6.65177
-6.70231
-6.56371
-6.59133
-6.58687
-6.7582
-6.65668
-6.61932
-6.75957
-6.66266
-6.58439
-6.64025
-6.61391
-6.7011
-6.65607
-6.70576
-6.68857
-6.64676
-6.73284
-6.67092
-6.5801
-6.62269
-6.71557
-6.57693
-6.74333
-6.49905
-6.77162
-6.66878
-6.71905
-6.60045
-6.56606
-6.76257
-6.67024
-6.7037
-6.60049
-6.63957
-6.61934
-6.65494
-6.76186
-6.59858
-6.76238
-6.6142
-6.62054
-6.79292
-6.60926
-6.64068
-6.56139
-6.71347
-6.57904
-6.7041
-6.55649
-6.76487
-6.67336
-6.68037
-6.57543
-6.64084
-6.72266
-6.62721
-6.59121
-6.73065
-6.69963
-6.66944
-6.64385
-6.65592
-6.63914
-6.60298
-6.71044
-6.6
-6.60717
-6.71825
-6.67881
-6.65574
-6.59073
-6.82437
-6.59395
-6.6584
-6.52767
-6.74748
-6.66953
-6.65072
-6.61196
-6.64697
-6.72574
-6.69766
-6.64083
-6.70141
-6.49718
-6.68844
-6.62407
-6.73698
-6.59921
-6.73683
-6.54258
-6.70876
-6.5869
-6.74709
-6.58326
-6.62275
-6.67485
-6.69467
-6.66725
-6.57924
-6.74855
-6.64377
-6.6871
-6.60023
-6.72103
-6.63582
-6.66623
-6.63109
-6.72
-6.60647
-6.61216
-6.72808
-6.67276
-6.65048
-6.55087
-6.64552
-6.70788
-6.77242
-6.5807
-6.63656
-6.68274
-6.65546
-6.70287
-6.68873
-6.53536
-6.64855
-6.70754
-6.63683
-6.58977
-6.72758
-6.70793
-6.67616
-6.5975
-6.67914
-6.68265
-6.5851
-6.67935
-6.65914
-6.68668
-6.59458
-6.72736
-6.69395
-6.67604
-6.56526
-6.67489
-6.67446
-6.57172
-6.71264
-6.62505
-6.81201
-6.63349
-6.47389
-6.6704
-6.78136
-6.68103
-6.64495
-6.70565
-6.44936
-6.73094
-6.54941
-6.74199
-6.68922
-6.65822
-6.63549
-6.69057
-6.64395
-6.66461
-6.67475
-6.61284
-6.65096
-6.68404
-6.66558
-6.68721
-6.66345
-6.55149
-6.67287
-6.63843
-6.6986
-6.6353
-6.77094
-6.61566
-6.58904
-6.70954
-6.72244
-6.6807
-6.4753
-6.7071
-6.67513
-6.66377
-6.66199
-6.72639
-6.60776
-6.67841
-6.5452
-6.72
-6.66825
-6.69878
-6.69661
-6.65827
-6.53652
-6.71664
-6.67307
-6.67142
-6.5814
-6.75479
-6.69466
-6.60044
-6.7108
-6.52396
-6.69079
-6.75765
-6.61424
-6.54587
-6.73919
-6.5963
-6.6946
-6.64965
-6.75234
-6.57423
-6.5132
-6.68226
-6.72112
-6.66024
-6.67529
-6.64543
-6.70214
-6.55677
-6.78541
-6.54642
-6.70548
-6.69002
-6.66398
-6.62438
-6.60865
-6.74673
-6.63652
-6.59818
-6.65997
-6.75282
-6.58919
-6.60604
-6.65682
-6.63028
-6.72737
-6.64456
-6.62292
-6.61806
-6.69091
-6.71753
-6.75125
-6.46084
-6.66172
-6.69685
-6.652
-6.65936
-6.74007
-6.61331
-6.59349
-6.67295
-6.67681
-6.63023
-6.66259
-6.73661
-6.60882
-6.69433
-6.67112
-6.64373
-6.63585
-6.63808
-6.65784
-6.69659
-6.66157
-6.60204
-6.71138
-6.62894
-6.68534
-6.59849
-6.73038
-6.64675
-6.58842
-6.60252
-6.81956
-6.67021
-6.62868
-6.61845
-6.75173
-6.61217
-6.56835
-6.74898
-6.5972
-6.6909
-6.67719
-6.67018
-6.64734
-6.6263
-6.60319
-6.70438
-6.66102
-6.61578
-6.54756
-6.70557
-6.74638
-6.62788
-6.61956
-6.74448
-6.58866
-6.66982
-6.73519
-6.66626
-6.61188
-6.67136
-6.64267
-6.65691
-6.58836
-6.89492
-6.58002
-6.57043
-6.61103
-6.6922
-6.68449
-6.66046
-6.60905
-6.58077
-6.7147
-6.65294
-6.6816
-6.55873
-6.67061
-6.66989
-6.69189
-6.56423
-6.64544
-6.75071
-6.67793
-6.55527
-6.72006
-6.64912
-6.67344
-6.63787
-6.70405
-6.59022
-6.71361
-6.6181
-6.68095
-6.71633
-6.68803
-6.60468
-6.57889
-6.66251
-6.68359
-6.70807
-6.61975
-6.71473
-6.65084
-6.55465
-6.63421
-6.7684
-6.71258
-6.59003
-6.62508
-6.66746
-6.60015
-6.74388
-6.67575
-6.69882
-6.583
-6.64427
-6.57879
-6.77877
-6.61081
-6.57037
-6.73077
-6.6513
-6.70533
-6.70319
-6.57358
-6.64356
-6.67845
-6.67052
-6.68373
-6.74597
-6.58083
-6.57267
-6.65046
-6.84039
-6.55857
-6.57794
-6.7625
-6.60406
-6.6716
-6.56825
-6.67812
-6.66014
-6.66186
-6.66228
-6.64973
-6.6555
-6.61146
-6.67287
-6.60644
-6.80342
-6.58498
-6.6822
-6.56339
-6.65716
-6.67083
-6.67372
-6.60659
-6.60432
-6.75579
-6.62712
-6.73401
-6.55039
-6.70249
-6.68917
-6.61142
-6.60687
-6.77526
-6.69616
-6.58536
-6.61258
-6.6627
-6.64866
-6.67863
-6.69768
-6.63589
-6.63124
-6.74538
-6.76588
-6.50978
-6.64954
-6.63459
-6.68124
-6.7254
-6.58296
-6.70143
-6.57538
-6.73615
-6.6255
-6.67715
-6.65855
-6.60256
-6.64839
-6.69552
-6.67291
-6.74111
-6.52939
-6.60408
-6.71793
-6.67899
-6.70527
-6.59205
-6.66081
-6.66589
-6.63479
-6.71846
-6.65592
-6.77154
-6.59381
-6.52192
-6.76828
-6.60548
-6.66091
-6.75553
-6.70538
-6.49515
-6.57487
-6.80081
-6.56981
-6.69714
-6.65294
-6.60539
-6.65425
-6.68226
-6.67718
-6.56768
-6.68017
-6.6318
-6.61363
-6.64673
-6.69004
-6.70354
-6.66831
-6.71852
-6.69266
-6.56727
-6.67271
-6.55885
-6.73681
-6.64286
-6.68127
-6.69099
-6.65785
-6.47212
-6.74955
-6.67736
-6.70064
-6.63422
-6.69974
-6.59065
-6.67929
-6.62129
-6.75113
-6.57854
-6.72309
-6.69732
-6.63452
-6.55835
-6.81001
-6.62827
-6.64216
-6.58573
-6.66012
-6.67185
-6.58491
-6.70574
-6.70997
-6.56289
-6.67632
-6.76198
-6.59322
-6.62172
-6.60655
-6.67711
-6.69324
-6.70773
-6.64382
-6.73834
-6.5872
-6.68787
-6.68201
-6.65171
-6.65341
-6.62491
-6.6779
-6.62085
-6.73203
-6.6151
-6.65
-6.72435
-6.51087
-6.66731
-6.66412
-6.64888
-6.72911
-6.62721
-6.57124
-6.57344
-6.69858
-6.63346
-6.74192
-6.64832
-6.66006
-6.57558
-6.68012
-6.58629
-6.71155
-6.64326
-6.61307
-6.60766
-6.79632
-6.57324
-6.68482
-6.60686
-6.63871
-6.72104
-6.65257
-6.6164
-6.69408
-6.53673
-6.64575
-6.79392
-6.59576
-6.69722
-6.64058
-6.61112
-6.60673
-6.75061
-6.65956
-6.65119
-6.65342
-6.62028
-6.65875
-6.58811
-6.75795
-6.66576
-6.76001
-6.50459
-6.59418
-6.70355
-6.6573
-6.65832
-6.65425
-6.72374
-6.70147
-6.52731
-6.71611
-6.59834
-6.66635
-6.64792
-6.68077
-6.59661
-6.83537
-6.56176
-6.67468
-6.61356
-6.71412
-6.63418
-6.67279
-6.65631
-6.70732
-6.60751
-6.58776
-6.63326
-6.72773
-6.65328
-6.57114
-6.6798
-6.69409
-6.70664
-6.52359
-6.63705
-6.661
-6.69689
-6.68027
-6.69698
-6.57753
-6.61737
-6.68001
-6.67056
-6.68129
-6.64059
-6.68362
-6.59697
-6.5536
-6.76799
-6.68697
-6.58921
-6.67766
-6.77686
-6.50998
-6.62868
-6.60214
-6.75981
-6.59634
-6.8444
-6.55236
-6.54688
-6.7327
-6.67754
-6.54277
-6.77164
-6.71946
-6.56069
-6.54997
-6.73223
-6.81553
-6.65607
-6.6272
-6.64073
-6.7158
-6.55085
-6.70126
-6.65316
-6.68116
-6.68358
-6.59394
-6.65701
-6.56391
-6.74756
-6.61185
-6.69713
-6.67087
-6.64482
-6.72505
-6.65507
-6.56644
-6.58
-6.66041
-6.71152
-6.74497
-6.64594
-6.5636
-6.58222
-6.71327
-6.71512
-6.70248
-6.70775
-6.6228
-6.61876
-6.55166
-6.60118
-6.78946
-6.59386
-6.70203
-6.64198
-6.60318
-6.71539
-6.64564
-6.58233
-6.69829
-6.61518
-6.70598
-6.68346
-6.56448
-6.59038
-6.68273
-6.72815
-6.56576
-6.73998
-6.59947
-6.74606
-6.50824
-6.71259
-6.67856
-6.7069
-6.53984
-6.70696
-6.60869
-6.76004
-6.6149
-6.58311
-6.65764
-6.89007
-6.5645
-6.57812
-6.62456
-6.63263
-6.68008
-6.69936
-6.52625
-6.75594
-6.58566
-6.69334
-6.59966
-6.7038
-6.67973
-6.63711
-6.6207
-6.70663
-6.66395
-6.57916
-6.69974
-6.60574
-6.79079
-6.58647
-6.61231
-6.69389
-6.67151
-6.61576
-6.67646
-6.63648
-6.69406
-6.65821
-6.64411
-6.7148
-6.67886
-6.66057
-6.60609
-6.79855
-6.65182
-6.66024
-6.4809
-6.67524
-6.74317
-6.7239
-6.6146
-6.65782
-6.55571
-6.66092
-6.6962
-6.69101
-6.72539
-6.59326
-6.61245
-6.6097
-6.65501
-6.70935
-6.69856
-6.60126
-6.61141
-6.66439
-6.70341
-6.58686
-6.67369
-6.70911
-6.60576
-6.6751
-6.63936
-6.66095
-6.68303
-6.56891
-6.63395
-6.74275
-6.61909
-6.6423
-6.65834
-6.74957
-6.53886
-6.71482
-6.66855
-6.69092
-6.56037
-6.69971
-6.56861
-6.69387
-6.74402
-6.56
-6.67961
-6.6848
-6.70628
-6.64057
-6.62744
-6.69473
-6.69023
-6.6129
-6.63486
-6.57524
-6.76037
-6.67661
-6.64735
-6.6914
-6.63615
-6.59644
-6.60742
-6.62436
-6.78047
-6.68978
-6.65801
-6.67993
-6.64589
-6.64028
-6.62962
-6.55981
-6.86363
-6.63091
-6.64824
-6.68507
-6.61966
-6.72432
-6.5853
-6.69731
-6.58965
-6.75257
-6.71746
-6.56723
-6.64876
-6.59997
-6.67302
-6.62172
-6.69998
-6.75798
-6.62269
-6.66198
-6.66996
-6.66906
-6.67044
-6.6519
-6.75679
-6.69017
-6.60088
-6.52624
-6.68207
-6.6708
-6.72764
-6.60169
-6.65882
-6.72898
-6.52751
-6.65064
-6.69905
-6.73477
-6.62874
-6.64886
-6.61795
-6.70317
-6.63903
-6.65776
-6.61682
-6.71162
-6.702
-6.53625
-6.75311
-6.53146
-6.75876
-6.74229
-6.56842
-6.60446
-6.66439
-6.68307
-6.58109
-6.69484
-6.62963
-6.61003
-6.70273
-6.68057
-6.72356
-6.58664
-6.64924
-6.48133
-6.71356
-6.72344
-6.79381
-6.64864
-6.5034
-6.70688
-6.69128
-6.58822
-6.66677
-6.78323
-6.66948
-6.55346
-6.65541
-6.70596
-6.57778
-6.676
-6.66661
-6.68651
-6.71482
-6.57685
-6.62835
-6.69014
-6.65999
-6.72462
-6.6797
-6.69262
-6.57606
-6.61485
-6.57455
-6.73993
-6.61422
-6.70928
-6.71697
-6.6719
-6.515
-6.67257
-6.6279
-6.82518
-6.5829
-6.64367
-6.52327
-6.81937
-6.59144
-6.71502
-6.61891
-6.54889
-6.79917
-6.63432
-6.63514
-6.5821
-6.65946
-6.81531
-6.63589
-6.66617
-6.572
-6.58825
-6.67554
-6.75837
-6.65292
-6.65508
-6.62361
-6.62596
-6.66957
-6.62558
-6.6471
-6.6371
-6.65187
-6.71604
-6.76353
-6.60887
-6.57622
-6.60574
-6.66092
-6.67973
-6.72952
-6.64104
-6.61334
-6.75427
-6.54404
-6.60375
-6.63619
-6.65485
-6.76267
-6.77812
-6.54288
-6.5424
-6.69944
-6.66848
-6.61417
-6.78157
-6.62066
-6.68256
-6.67926
-6.70763
-6.66928
-6.58922
-6.67253
-6.79016
-6.59811
-6.67173
-6.63841
-6.56715
-6.72713
-6.76448
-6.64256
-6.52446
-6.72343
-6.64355
-6.66784
-6.72798
-6.6699
-6.56122
-6.61691
-6.71462
-6.66337
-6.63202
-6.7234
-6.57752
-6.56118
-6.71507
-6.66124
-6.659
-6.63111
-6.71033
-6.58498
-6.64672
-6.64434
-6.70095
-6.58033
-6.6581
-6.74049
-6.69527
-6.67624
-6.5507
-6.79888
-6.46652
-6.71783
-6.82806
-6.54467
-6.59957
-6.65025
-6.70216
-6.67668
-6.65319
-6.66836
-6.6919
-6.62109
-6.65815
-6.64157
-6.66431
-6.61333
-6.63133
-6.74573
-6.73336
-6.62825
-6.54475
-6.72551
-6.69897
-6.58834
-6.65851
-6.66019
-6.61754
-6.68851
-6.72982
-6.64262
-6.68063
-6.56216
-6.7202
-6.62433
-6.67248
-6.65984
-6.70319
-6.55341
-6.78154
-6.70043
-6.56328
-6.56542
-6.70692
-6.82688
-6.58435
-6.61071
-6.73975
-6.59188
-6.60468
-6.75376
-6.68153
-6.5914
-6.6874
-6.67354
-6.61785
-6.59044
-6.6196
-6.69495
-6.67247
-6.69189
-6.58238
-6.60665
-6.63058
-6.77009
-6.65103
-6.69968
-6.63581
-6.69717
-6.65773
-6.51416
-6.74659
-6.64316
-6.75534
-6.50943
-6.66688
-6.62169
-6.69016
-6.70907
-6.62158
-6.67419
-6.54721
-6.62654
-6.67604
-6.72792
-6.57166
-6.69489
-6.7076
-6.60845
-6.59944
-6.67371
-6.63678
-6.6623
-6.76863
-6.69822
-6.52848
-6.70292
-6.52089
-6.71003
-6.73062
-6.57755
-6.69029
-6.69855
-6.70459
-6.62398
-6.62074
-6.59524
-6.62577
-6.66355
-6.65057
-6.79981
-6.6199
-6.59736
-6.68518
-6.61436
-6.64837
-6.68137
-6.70713
-6.61719
-6.62058
-6.66186
-6.61146
-6.63771
-6.72334
-6.69735
-6.52115
-6.75184
-6.6806
-6.59285
-6.69154
-6.60744
-6.76692
-6.69959
-6.51411
-6.61396
-6.73262
-6.6306
-6.70575
-6.64535
-6.60537
-6.63816
-6.682
-6.65771
-6.58051
-6.69075
-6.71818
-6.73507
-6.53523
-6.66215
-6.74286
-6.68632
-6.59545
-6.71849
-6.52314
-6.66928
-6.62046
-6.75139
-6.69522
-6.68671
-6.55971
-6.64471
-6.70992
-6.60109
-6.70838
-6.65537
-6.60553
-6.60265
-6.69618
-6.72303
-6.62723
-6.6736
-6.52262
-6.71505
-6.7202
-6.49872
-6.74329
-6.66567
-6.7124
-6.57144
-6.67225
-6.63975
-6.68288
-6.67375
-6.60707
-6.74978
-6.58802
-6.66942
-6.62481
-6.65215
-6.61872
-6.80311
-6.6068
-6.72544
-6.56917
-6.67083
-6.66047
-6.75617
-6.64968
-6.60567
-6.56782
-6.64123
-6.76169
-6.69665
-6.57646
-6.58615
-6.78831
-6.56942
-6.67652
-6.59052
-6.73359
-6.66056
-6.73245
-6.60286
-6.6815
-6.62028
-6.65141
-6.58867
-6.81258
-6.61553
-6.61059
-6.56057
-6.76652
-6.62439
-6.71994
-6.58273
-6.76724
-6.53685
-6.65533
-6.66778
-6.7286
-6.59486
-6.64969
-6.66957
-6.73398
-6.59059
-6.69209
-6.60664
-6.67843
-6.72663
-6.53667
-6.73862
-6.70466
-6.52772
-6.70187
-6.70964
-6.62713
-6.71139
-6.61458
-6.60941
-6.67107
-6.62988
-6.69001
-6.60757
-6.69382
-6.6753
-6.65798
-6.56934
-6.8016
-6.55948
-6.64098
-6.62458
-6.79583
-6.57075
-6.617
-6.69731
-6.5946
-6.67051
-6.68506
-6.79254
-6.6367
-6.65933
-6.61635
-6.6449
-6.57752
-6.75699
-6.5749
-6.81827
-6.59934
-6.58996
-6.68486
-6.64744
-6.69
-6.56461
-6.77222
-6.61935
-6.58892
-6.6226
-6.78679
-6.706
-6.61382
-6.5236
-6.71983
-6.73992
-6.5754
-6.53025
-6.74273
-6.64154
-6.67111
-6.64565
-6.69084
-6.59662
-6.64711
-6.63744
-6.72069
-6.69406
-6.64675
-6.62851
-6.5776
-6.71624
-6.72043
-6.63303
-6.61991
-6.73431
-6.62917
-6.67633
-6.56689
-6.65208
-6.63582
-6.68023
-6.65335
-6.775
-6.63837
-6.51939
-6.60506
-6.70444
-6.65968
-6.87081
-6.52835
-6.58082
-6.63825
-6.6749
-6.62744
-6.72629
-6.76817
-6.57882
-6.57283
-6.67141
-6.72424
-6.64934
-6.66873
-6.66906
-6.66221
-6.66533
-6.62821
-6.72721
-6.61231
-6.70045
-6.84999
-6.52827
-6.4953
-6.66371
-6.70334
-6.69666
-6.68468
-6.56166
-6.69806
-6.71256
-6.63652
-6.58363
-6.67751
-6.75477
-6.54091
-6.61932
-6.61799
-6.81536
-6.62028
-6.63428
-6.61902
-6.64871
-6.7624
-6.61731
-6.6821
-6.68931
-6.62654
-6.6796
-6.59298
-6.70962
-6.63643
-6.56859
-6.69051
-6.71157
-6.70598
-6.52767
-6.59196
-6.78919
-6.73424
-6.53838
-6.57014
-6.74773
-6.61924
-6.70419
-6.60819
-6.65953
-6.63238
-6.6797
-6.73501
-6.68638
-6.4975
-6.67979
-6.64569
-6.77455
-6.61269
-6.66809
-6.66878
-6.59446
-6.70518
-6.70522
-6.64275
-6.58683
-6.72994
-6.61801
-6.64139
-6.61015
-6.68117
-6.62647
-6.64273
-6.67732
-6.68259
-6.63393
-6.68532
-6.5636
-6.66967
-6.66434
-6.61902
-6.70258
-6.69875
-6.65091
-6.49752
-6.64497
-6.72401
-6.69761
-6.66037
-6.59594
-6.56542
-6.67148
-6.68091
-6.70023
-6.71065
-6.59253
-6.72191
-6.54587
-6.69771
-6.66558
-6.67502
-6.68658
-6.54869
-6.7026
-6.54189
-6.77741
-6.59308
-6.64008
-6.58885
-6.75307
-6.59828
-6.64262
-6.64347
-6.68714
-6.71929
-6.59818
-6.70941
-6.57462
-6.62455
-6.62292
-6.72963
-6.69472
-6.64864
-6.63344
-6.64102
-6.70153
-6.60298
-6.65291
-6.62146
-6.76289
-6.59345
-6.65253
-6.68769
-6.65343
-6.67929
-6.65062
-6.63507
-6.69478
-6.56144
-6.61033
-6.60697
-6.72426
-6.63698
-6.80293
-6.65748
-6.5223
-6.70222
-6.66744
-6.66023
-6.57533
-6.63711
-6.70435
-6.60083
-6.65454
-6.72168
-6.63562
-6.65875
-6.62388
-6.54824
-6.80929
-6.6212
-6.58699
-6.74498
-6.65659
-6.64707
-6.59344
-6.68219
-6.72159
-6.66926
-6.58504
-6.75073
-6.65536
-6.6041
-6.6038
-6.69489
-6.70875
-6.61729
-6.59696
-6.61076
-6.74792
-6.66617
-6.65988
-6.57551
-6.72836
-6.64202
-6.67013
-6.66763
-6.53971
-6.70848
-6.69348
-6.65217
-6.64226
-6.57958
-6.65877
-6.7417
-6.71486
-6.5583
-6.70443
-6.58955
-6.67253
-6.6941
-6.64148
-6.67365
-6.6626
-6.52939
-6.61132
-6.68186
-6.67585
-6.71836
-6.64343
-6.67587
-6.58412
-6.71501
-6.60084
-6.74381
-6.63075
-6.6203
-6.63094
-6.69427
-6.73652
-6.61113
-6.63917
-6.69503
-6.70353
-6.5864
-6.73131
-6.70383
-6.60276
-6.68015
-6.55274
-6.6814
-6.68748
-6.62426
-6.7069
-6.69145
-6.69778
-6.56385
-6.60567
-6.61015
-6.63689
-6.70271
-6.78182
-6.57182
-6.6368
-6.62268
-6.81271
-6.5435
-6.66348
-6.66158
-6.67492
-6.55671
-6.76106
-6.69062
-6.56973
-6.71526
-6.59494
-6.64034
-6.69713
-6.69782
-6.58567
-6.67858
-6.64324
-6.6952
-6.61397
-6.68542
-6.62132
-6.64375
-6.66049
-6.73346
-6.6095
-6.57028
-6.82163
-6.60303
-6.63907
-6.60027
-6.68715
-6.58006
-6.71435
-6.71255
-6.63135
-6.56898
-6.6727
-6.65164
-6.6931
-6.65573
-6.57526
-6.6831
-6.66558
-6.70688
-6.70437
-6.63333
-6.58961
-6.60534
-6.72549
-6.73345
-6.60227
-6.67503
-6.57406
-6.60208
-6.70746
-6.68013
-6.70106
-6.54324
-6.65954
-6.75383
-6.64056
-6.67833
-6.58039
-6.67954
-6.54695
-6.71787
-6.66865
-6.63367
-6.65641
-6.70219
-6.56029
-6.74838
-6.65257
-6.6427
-6.65485
-6.62108
-6.54694
-6.82337
-6.66343
-6.63251
-6.58771
-6.66619
-6.73262
-6.63749
-6.65794
-6.68108
-6.60978
-6.63042
-6.61052
-6.6095
-6.72188
-6.74616
-6.6579
-6.6139
-6.66857
-6.56253
-6.66514
-6.67389
-6.6428
-6.70511
-6.59695
-6.61174
-6.6388
-6.69946
-6.62731
-6.76113
-6.59729
-6.5922
-6.67259
-6.5805
-6.70637
-6.71176
-6.61884
-6.69267
-6.59649
-6.6848
-6.66603
-6.58204
-6.71734
-6.6673
-6.69914
-6.57373
-6.62428
-6.69769
-6.67347
-6.58778
-6.6446
-6.68496
-6.68771
-6.65745
-6.67258
-6.64859
-6.57282
-6.71504
-6.60704
-6.74984
-6.65978
-6.59653
-6.8022
-6.57388
-6.54672
-6.65713
-6.72876
-6.63129
-6.69759
-6.5932
-6.68879
-6.62561
-6.70122
-6.6518
-6.65801
-6.76657
-6.63807
-6.60163
-6.71119
-6.60669
-6.69936
-6.5581
-6.65589
-6.55169
-6.70153
-6.69081
-6.73628
-6.59013
-6.65729
-6.60699
-6.78034
-6.71154
-6.48445
-6.68182
-6.71335
-6.61351
-6.55529
-6.66158
-6.71325
-6.61165
-6.70586
-6.71077
-6.63511
-6.62613
-6.49793
-6.66158
-6.76533
-6.63556
-6.65663
-6.6499
-6.61248
-6.73857
-6.52142
-6.6975
-6.68362
-6.78291
-6.57
-6.66129
-6.6466
-6.55597
-6.62477
-6.68522
-6.78955
-6.67817
-6.62667
-6.52535
-6.76126
-6.72878
-6.64829
-6.65904
-6.65281
-6.58937
-6.646
-6.71455
-6.63192
-6.57208
-6.60288
-6.71387
-6.77261
-6.67991
-6.51359
-6.6139
-6.65989
-6.68675
-6.70659
-6.72725
-6.62118
-6.59288
-6.62391
-6.70697
-6.6741
-6.6759
-6.67435
-6.58331
-6.63862
-6.69963
-6.76242
-6.62305
-6.51519
-6.62253
-6.77401
-6.61518
-6.61683
-6.69685
-6.64243
-6.66009
-6.62359
-6.61566
-6.80494
-6.59182
-6.54834
-6.70858
-6.7624
-6.56821
-6.6619
-6.63999
-6.73381
-6.54443
-6.63071
-6.78341
-6.69678
-6.62959
-6.64322
-6.5684
-6.70433
-6.61307
-6.67131
-6.6291
-6.74215
-6.63177
-6.57675
-6.73617
-6.60717
-6.65324
-6.67585
-6.71341
-6.69016
-6.67724
-6.54962
-6.68225
-6.63376
-6.66649
-6.60069
-6.73515
-6.61362
-6.69773
-6.71805
-6.65019
-6.55388
-6.68922
-6.5904
-6.77143
-6.65075
-6.5555
-6.67514
-6.67025
-6.73688
-6.62388
-6.75782
-6.65844
-6.62686
-6.58139
-6.64999
-6.69729
-6.69289
-6.66989
-6.69541
-6.71527
-6.62268
-6.55768
-6.58936
-6.64355
-6.65058
-6.78975
-6.70141
-6.51273
-6.71513
-6.65034
-6.3976
-6.71386
-6.80439
-6.60619
-6.59818
-6.58896
-6.66396
-6.64855
-6.70647
-6.66666
-6.59538
-6.714
-6.64468
-6.69279
-6.66532
-6.67337
-6.65361
-6.58926
-6.7649
-6.68162
-6.54736
-6.7451
-6.60678
-6.70162
-6.65088
-6.63485
-6.65465
-6.63768
-6.68535
-6.66892
-6.70371
-6.60384
-6.63584
-6.71626
-6.5764
-6.70632
-6.69059
-6.6703
-6.71258
-6.57538
-6.58121
-6.71094
-6.75221
-6.58682
-6.69072
-6.59965
-6.73609
-6.57657
-6.73904
-6.60824
-6.77458
-6.56761
-6.6443
-6.62474
-6.72275
-6.5984
-6.70987
-6.66444
-6.66511
-6.57986
-6.59465
-6.71041
-6.66369
-6.7732
-6.59478
-6.62812
-6.52224
-6.6555
-6.69706
-6.58256
-6.70011
-6.68109
-6.64239
-6.59415
-6.618
-6.69729
-6.76433
-6.55798
-6.60023
-6.67508
-6.62942
-6.66436
-6.67359
-6.70501
-6.59651
-6.56493
-6.82181
-6.62562
-6.55748
-6.60449
-6.71548
-6.71292
-6.71088
-6.58249
-6.58654
-6.65178
-6.70129
-6.61774
-6.73586
-6.58353
-6.62769
-6.60563
-6.59914
-6.73732
-6.72872
-6.5892
-6.67407
-6.57945
-6.6521
-6.72619
-6.63746
-6.61771
-6.68695
-6.65529
-6.64852
-6.78465
-6.57385
-6.69553
-6.6411
-6.60958
-6.62166
-6.72812
-6.61126
-6.64697
-6.68842
-6.69942
-6.7093
-6.60586
-6.56802
-6.74461
-6.60739
-6.62376
-6.69929
-6.65714
-6.69857
-6.67438
-6.59641
-6.6582
-6.68453
-6.72207
-6.69667
-6.5769
-6.69606
-6.60651
-6.68423
-6.69325
-6.55705
-6.57661
-6.74364
-6.78072
-6.55577
-6.74559
-6.62482
-6.6484
-6.66891
-6.64117
-6.64054
-6.67113
-6.59266
-6.71281
-6.77055
-6.4974
-6.72129
-6.59044
-6.69898
-6.62686
-6.71606
-6.70067
-6.54435
-6.64632
-6.73803
-6.68098
-6.52704
-6.72249
-6.76771
-6.60368
-6.72275
-6.61029
-6.58627
-6.76257
-6.71587
-6.61663
-6.57235
-6.62394
-6.68441
-6.69714
-6.59311
-6.78159
-6.64031
-6.55809
-6.72924
-6.65566
-6.59362
-6.64014
-6.71341
-6.69313
-6.7094
-6.53531
-6.6277
-6.71315
-6.65722
-6.65811
-6.74479
-6.61435
-6.63173
-6.64858
-6.71191
-6.62492
-6.64324
-6.62712
-6.6498
-6.72044
-6.66182
-6.66141
-6.68726
-6.61426
-6.64855
-6.57678
-6.585
-6.73598
-6.67868
-6.60577
-6.75335
-6.5738
-6.6939
-6.64535
-6.62296
-6.67429
-6.67128
-6.68577
-6.66665
-6.6024
-6.57806
-6.72563
-6.70136
-6.57324
-6.65692
-6.69954
-6.69257
-6.63755
-6.60378
-6.68733
-6.66379
-6.59175
-6.74934
-6.60476
-6.66258
-6.54951
-6.70697
-6.69358
-6.69357
-6.57723
-6.66146
-6.65825
-6.73344
-6.66679
-6.58959
-6.75528
-6.56967
-6.75978
-6.49097
-6.80332
-6.63776
-6.57016
-6.66799
-6.77174
-6.62407
-6.65533
-6.60604
-6.61197
-6.73363
-6.69965
-6.57834
-6.68983
-6.76831
-6.49727
-6.68048
-6.68646
-6.69025
-6.53739
-6.78378
-6.59464
-6.69495
-6.62385
-6.66173
-6.67241
-6.61463
-6.69094
-6.67443
-6.61087
-6.61678
-6.60976
-6.7085
-6.71364
-6.67786
-6.53787
-6.68956
-6.58076
-6.72343
-6.66672
-6.61011
-6.75102
-6.57963
-6.67904
-6.65292
-6.63664
-6.5436
-6.80731
-6.56955
-6.71952
-6.71713
-6.58161
-6.55812
-6.66462
-6.85121
-6.59378
-6.59881
-6.81039
-6.62258
-6.65659
-6.51423
-6.64983
-6.76743
-6.59848
-6.70435
-6.72787
-6.66518
-6.55951
-6.62058
-6.71251
-6.64975
-6.7643
-6.64248
-6.65307
-6.63068
-6.59738
-6.71723
-6.56989
-6.69256
-6.78095
-6.55687
-6.5922
-6.72475
-6.71243
-6.60041
-6.72813
-6.56955
-6.71589
-6.61142
-6.73533
-6.62206
-6.5203
-6.7262
-6.77536
-6.5756
-6.57258
-6.79088
-6.58462
-6.61986
-6.70359
-6.69164
-6.57867
-6.65751
-6.74929
-6.55105
-6.76248
-6.63305
-6.65918
-6.59736
-6.65088
-6.72538
-6.73968
-6.61804
-6.53528
-6.61737
-6.73021
-6.7601
-6.66828
-6.54584
-6.63948
-6.66478
-6.70015
-6.71371
-6.65314
-6.58425
-6.66324
-6.71651
-6.58235
-6.67073
-6.61689
-6.76175
-6.68629
-6.64103
-6.67958
-6.60406
-6.60996
-6.74358
-6.69582
-6.61114
-6.74158
-6.62493
-6.5171
-6.77397
-6.72102
-6.59261
-6.62085
