1.1368
1.35824
1.23697
1.11875
1.10175
1.20921
1.20733
1.19851
1.27865
1.14688
1.25205
1.09926
1.22817
1.1503
1.26277
1.22316
1.13953
1.12682
1.22924
1.22135
1.29657
1.09135
1.30581
1.15104
1.18252
1.21346
1.24285
1.17638
1.21577
1.1694
1.16162
1.22227
1.18373
1.2033
1.19849
1.06575
1.28767
1.17454
1.23907
1.23056
1.21265
1.22068
1.12449
1.22606
1.21631
1.2631
1.27185
1.12084
1.13918
1.15762
1.22206
1.24091
1.26191
1.1644
1.20072
1.26806
1.1643
1.16326
1.18482
1.33067
1.14873
1.13647
1.08394
1.28516
1.23659
1.19233
1.14287
1.23265
1.20842
1.13424
1.1296
1.34578
1.19851
1.13645
1.17654
1.24583
1.1561
1.20604
1.1875
1.22359
1.25469
1.13945
1.21627
1.23843
1.21864
1.22125
1.21131
1.19522
1.11324
1.28724
1.13206
1.19778
1.15914
1.26175
1.29596
1.28182
1.11752
1.08815
1.22317
1.23732
1.15671
1.16742
1.31478
1.12422
1.19048
1.31224
1.1572
1.20311
1.22074
1.18534
1.23126
1.16443
1.2598
1.1761
1.20305
1.18459
1.27469
1.15343
1.13085
1.23115
1.16821
1.21669
1.27035
1.24057
1.17983
1.17894
1.17987
1.27298
1.14876
1.19978
1.31434
0.977568
1.20325
1.27708
1.25808
1.22953
1.17287
1.16278
1.1547
1.12252
1.35132
1.16704
1.23514
1.19095
1.18292
1.2805
1.09635
1.16086
1.2458
1.17731
1.24629
1.30448
1.1412
1.09993
1.18369
1.36449
1.19533
1.24578
1.10887
1.14047
1.12964
1.30275
1.20391
1.16665
1.30416
1.20606
1.12506
1.1837
1.15683
1.24695
1.2017
1.24934
1.23265
1.18953
1.27643
1.2145
1.12287
1.16508
1.26135
1.125
1.2877
1.04416
1.31595
1.21129
1.26187
1.14793
1.11583
1.30875
1.21036
1.24492
1.14284
1.1836
1.16409
1.19458
1.30198
1.14319
1.30618
1.15566
1.16205
1.33471
1.15335
1.18714
1.10784
1.25317
1.12758
1.2447
1.10169
1.31017
1.21501
1.22542
1.12379
1.18976
1.26161
1.1751
1.13964
1.27304
1.24166
1.21378
1.18823
1.20081
1.18267
1.15009
1.25714
1.14499
1.15337
1.26283
1.2226
1.19834
1.13429
1.36531
1.13977
1.20887
1.07573
1.28794
1.21657
1.19474
1.15722
1.18907
1.27189
1.24337
1.18798
1.24608
1.04503
1.23281
1.16497
1.27857
1.13765
1.28433
1.08929
1.25264
1.13585
1.29279
1.12791
1.16526
1.21733
1.23895
1.21254
1.12829
1.29669
1.18836
1.22995
1.14742
1.26229
1.17835
1.21087
1.17457
1.26307
1.15023
1.16082
1.2687
1.2141
1.19527
1.09657
1.18902
1.2523
1.31542
1.12769
1.18115
1.22406
1.19722
1.24243
1.23392
1.07838
1.18919
1.25187
1.18305
1.1332
1.26989
1.24692
1.22052
1.14152
1.22209
1.22874
1.13054
1.22361
1.20361
1.22845
1.13815
1.26994
1.23848
1.22075
1.1103
1.2159
1.22099
1.1178
1.25783
1.17234
1.35313
1.17144
1.021
1.22061
1.32173
1.22639
1.18647
1.25146
0.996789
1.27044
1.09856
1.28834
1.23268
1.20491
1.18132
1.23403
1.19157
1.20677
1.22051
1.15831
1.19597
1.23091
1.21139
1.23491
1.2109
1.09942
1.21871
1.18415
1.24378
1.17989
1.31231
1.16017
1.13461
1.25248
1.26671
1.22622
1.02109
1.25257
1.2193
1.20824
1.20606
1.27531
1.14877
1.22063
1.09471
1.26255
1.20698
1.246
1.23637
1.20247
1.08353
1.25791
1.2139
1.21472
1.12414
1.29567
1.23525
1.1471
1.25361
1.07453
1.23841
1.29894
1.16044
1.08933
1.28025
1.14321
1.23729
1.19396
1.29154
1.11615
1.058
1.22335
1.26615
1.20483
1.21764
1.1922
1.24885
1.10266
1.3294
1.09275
1.25288
1.23218
1.20981
1.16722
1.15648
1.29061
1.1834
1.14588
1.2052
1.29832
1.13345
1.15161
1.20289
1.17892
1.27453
1.18804
1.16823
1.16512
1.23435
1.26084
1.29141
1.01261
1.20788
1.24482
1.19489
1.20224
1.28459
1.15933
1.13966
1.2189
1.22272
1.1768
1.20694
1.27999
1.1527
1.24323
1.21622
1.1881
1.18318
1.18146
1.19934
1.23755
1.20679
1.1507
1.2604
1.17242
1.22844
1.14241
1.27646
1.19272
1.13634
1.14863
1.36313
1.21364
1.1747
1.16302
1.2963
1.15718
1.11093
1.29252
1.13732
1.23463
1.22157
1.21681
1.19253
1.16739
1.14992
1.24883
1.20533
1.15851
1.09214
1.25272
1.2936
1.17348
1.16293
1.29036
1.13292
1.21299
1.2781
1.21262
1.15633
1.21635
1.18539
1.20249
1.13919
1.43705
1.1276
1.11464
1.15491
1.23533
1.22472
1.20668
1.15481
1.12996
1.25628
1.1981
1.22578
1.10728
1.21305
1.21509
1.23718
1.10725
1.18849
1.29239
1.22441
1.10008
1.26122
1.19114
1.21709
1.17828
1.24916
1.13738
1.25883
1.16313
1.2236
1.26186
1.23248
1.15031
1.12847
1.20936
1.22832
1.25352
1.16527
1.25687
1.19594
1.09928
1.17846
1.30985
1.25558
1.13796
1.16963
1.21594
1.14709
1.28739
1.21964
1.24128
1.12821
1.18723
1.12525
1.32385
1.15755
1.11445
1.27585
1.19289
1.24839
1.24482
1.11769
1.18881
1.22253
1.21199
1.22524
1.29012
1.12586
1.11556
1.19655
1.38168
1.1048
1.12339
1.30404
1.152
1.21563
1.1112
1.21909
1.20432
1.20931
1.2091
1.19501
1.20327
1.15958
1.21541
1.15213
1.35067
1.13014
1.22625
1.10909
1.20172
1.21952
1.21987
1.15498
1.14999
1.29844
1.17297
1.27726
1.09811
1.24851
1.23478
1.15311
1.1488
1.31781
1.24076
1.13093
1.15518
1.20701
1.19358
1.2231
1.24131
1.18087
1.17356
1.28596
1.30958
1.06077
1.19559
1.18114
1.21914
1.26846
1.1278
1.24765
1.11746
1.27861
1.16742
1.22046
1.20394
1.15244
1.19194
1.2378
1.21799
1.2822
1.07718
1.14912
1.26311
1.2254
1.24868
1.13494
1.20394
1.21344
1.18103
1.25919
1.20517
1.31037
1.14478
1.06964
1.31053
1.15056
1.20856
1.30029
1.25123
1.04446
1.12373
1.34695
1.11646
1.24327
1.20085
1.14739
1.20254
1.2271
1.22205
1.11443
1.2237
1.17847
1.16384
1.19217
1.22985
1.25011
1.21479
1.26034
1.23871
1.11404
1.21872
1.10998
1.28146
1.18822
1.22496
1.23712
1.20054
1.01726
1.29292
1.22271
1.24559
1.17502
1.2428
1.13576
1.22199
1.16564
1.29654
1.12559
1.26685
1.24294
1.1807
1.10579
1.35345
1.17181
1.19006
1.13149
1.20509
1.21932
1.13334
1.24808
1.24872
1.11094
1.2229
1.30393
1.13734
1.16694
1.15237
1.22264
1.23424
1.2486
1.18794
1.28457
1.13106
1.23091
1.22655
1.19663
1.20256
1.17036
1.22171
1.16831
1.27392
1.16106
1.20012
1.27042
1.06226
1.21331
1.20628
1.1958
1.27655
1.17363
1.11623
1.12063
1.24121
1.17944
1.29094
1.19486
1.20886
1.12397
1.22413
1.13206
1.25257
1.19116
1.16147
1.15376
1.34074
1.12037
1.23175
1.14998
1.18595
1.27258
1.1978
1.16466
1.24279
1.08377
1.19041
1.33877
1.14192
1.24409
1.1869
1.1551
1.15422
1.29464
1.20178
1.19422
1.20006
1.16971
1.20226
1.13609
1.30454
1.21165
1.30458
1.0558
1.14342
1.2504
1.20343
1.2079
1.19728
1.27058
1.24898
1.07178
1.25757
1.143
1.21411
1.19282
1.22823
1.14204
1.37884
1.11114
1.22542
1.16042
1.25792
1.18161
1.21487
1.20411
1.24902
1.15562
1.13291
1.17983
1.27251
1.20135
1.12008
1.22801
1.23702
1.24905
1.0728
1.18519
1.20904
1.24092
1.22779
1.24275
1.12599
1.16632
1.2277
1.21292
1.22645
1.18555
1.23128
1.14326
1.09943
1.31241
1.23218
1.13722
1.22482
1.3188
1.06308
1.17474
1.14872
1.30175
1.13798
1.38732
1.10116
1.09069
1.27201
1.22033
1.08637
1.3167
1.26531
1.10788
1.09538
1.27545
1.35883
1.19744
1.16678
1.18553
1.26048
1.09914
1.2485
1.19781
1.22533
1.22878
1.14239
1.20702
1.11222
1.28864
1.15527
1.23912
1.21238
1.18682
1.26866
1.20055
1.11796
1.12548
1.20896
1.25931
1.28778
1.19219
1.11285
1.12868
1.26285
1.26106
1.24858
1.25559
1.16772
1.16672
1.10265
1.14787
1.33472
1.14425
1.24375
1.18944
1.15028
1.26098
1.19171
1.1309
1.24749
1.15972
1.25057
1.23327
1.11502
1.14142
1.2277
1.27669
1.11269
1.28501
1.14546
1.29087
1.05235
1.26055
1.22432
1.25376
1.09131
1.25148
1.15575
1.30634
1.16266
1.1294
1.20565
1.43576
1.11193
1.1267
1.17492
1.17796
1.22267
1.24503
1.07093
1.30597
1.1345
1.23923
1.14891
1.24908
1.22417
1.18164
1.16198
1.2525
1.20858
1.12819
1.24426
1.14952
1.33387
1.13383
1.16094
1.23878
1.217
1.16071
1.22093
1.17606
1.23466
1.20308
1.18917
1.25889
1.22387
1.19969
1.15028
1.3384
1.19678
1.20864
1.02888
1.21886
1.28566
1.26702
1.15983
1.20573
1.10503
1.20605
1.23907
1.2356
1.26463
1.13503
1.16244
1.15687
1.19977
1.25508
1.24529
1.14529
1.16162
1.20804
1.25147
1.13469
1.21791
1.25052
1.15258
1.22017
1.18559
1.20668
1.23071
1.11935
1.18116
1.29228
1.16485
1.18921
1.20631
1.28914
1.08981
1.25796
1.20936
1.24063
1.10905
1.24432
1.11286
1.23837
1.28501
1.10927
1.22573
1.23126
1.25812
1.18755
1.17374
1.2405
1.2328
1.16098
1.1808
1.12086
1.30572
1.21965
1.19329
1.23589
1.18701
1.14469
1.1556
1.17281
1.32533
1.23551
1.20406
1.22519
1.19329
1.18601
1.17316
1.10184
1.40885
1.17726
1.19467
1.22764
1.16048
1.27184
1.1336
1.24075
1.13288
1.29873
1.26297
1.11191
1.19349
1.14559
1.22104
1.1696
1.2483
1.30423
1.16936
1.20702
1.21923
1.21504
1.21616
1.19728
1.29979
1.23793
1.15098
1.0749
1.2276
1.21836
1.27325
1.14797
1.20358
1.27365
1.07947
1.19718
1.23686
1.28003
1.17573
1.19144
1.16413
1.25006
1.18776
1.20249
1.16365
1.25318
1.24369
1.08239
1.29796
1.07733
1.29881
1.28747
1.12047
1.14882
1.20828
1.23175
1.12938
1.24035
1.17475
1.15503
1.24908
1.22626
1.26949
1.13534
1.19661
1.03077
1.25879
1.26672
1.33553
1.19588
1.05118
1.25369
1.23836
1.13511
1.2083
1.32745
1.21592
1.10145
1.20731
1.25293
1.12637
1.22473
1.21715
1.23011
1.25791
1.12393
1.1742
1.23776
1.20445
1.26656
1.22205
1.23695
1.12262
1.15916
1.11879
1.28241
1.16377
1.25419
1.26112
1.21699
1.06283
1.22032
1.17553
1.36974
1.13441
1.18939
1.07001
1.3655
1.14081
1.2571
1.16476
1.09472
1.34183
1.17877
1.17906
1.12425
1.20824
1.35421
1.17891
1.21046
1.11962
1.13384
1.22101
1.30063
1.20029
1.20103
1.16957
1.17352
1.21118
1.17374
1.19306
1.18496
1.19569
1.25878
1.30633
1.15693
1.12073
1.15122
1.20734
1.22298
1.27376
1.18852
1.15673
1.29757
1.09541
1.14971
1.18605
1.19798
1.30193
1.3199
1.0946
1.08838
1.24797
1.21287
1.15692
1.32843
1.16664
1.22465
1.22197
1.25114
1.21451
1.13745
1.21454
1.33318
1.14692
1.21783
1.18085
1.11972
1.27098
1.31063
1.18585
1.07156
1.26884
1.18804
1.21268
1.26944
1.21481
1.10831
1.15897
1.25888
1.21079
1.17866
1.26923
1.12319
1.10966
1.25977
1.20768
1.21115
1.17593
1.25409
1.12988
1.18988
1.18883
1.25121
1.12716
1.20437
1.28209
1.23455
1.22044
1.09531
1.34327
1.01546
1.26068
1.37022
1.08508
1.14546
1.19706
1.24841
1.22322
1.20076
1.21114
1.2333
1.16937
1.20145
1.18781
1.20874
1.15814
1.17826
1.28864
1.27852
1.17425
1.09207
1.26899
1.24349
1.13722
1.20024
1.205
1.16392
1.23828
1.27323
1.18635
1.22524
1.10544
1.26748
1.16848
1.21659
1.20313
1.24822
1.09911
1.32315
1.24456
1.11303
1.10957
1.24754
1.36936
1.13426
1.1562
1.28289
1.14183
1.15325
1.29831
1.22756
1.1396
1.23365
1.22254
1.1683
1.13544
1.1671
1.24088
1.21842
1.23687
1.13329
1.15175
1.17594
1.31221
1.19947
1.24377
1.1774
1.24347
1.20721
1.06595
1.28712
1.18711
1.29676
1.05813
1.21225
1.16856
1.23923
1.25245
1.16614
1.22063
1.09277
1.17301
1.22172
1.26653
1.11635
1.23999
1.25215
1.15569
1.14469
1.21969
1.17938
1.20841
1.31443
1.24676
1.07247
1.24364
1.06837
1.25545
1.27547
1.1246
1.24073
1.24429
1.25041
1.17484
1.16512
1.1432
1.17171
1.21536
1.19545
1.34235
1.16246
1.14565
1.23043
1.16003
1.19503
1.2271
1.25157
1.15929
1.16389
1.20662
1.1601
1.17996
1.26549
1.24015
1.06155
1.29598
1.22639
1.14106
1.2345
1.15385
1.31151
1.24784
1.06027
1.15964
1.27528
1.17727
1.2493
1.1931
1.15063
1.18479
1.22779
1.20578
1.1303
1.23066
1.26369
1.28028
1.08393
1.2083
1.28735
1.23169
1.14605
1.2625
1.06979
1.21788
1.16844
1.29465
1.24099
1.23204
1.11005
1.19119
1.2554
1.14837
1.25854
1.20339
1.15351
1.14802
1.24601
1.26615
1.16984
1.21848
1.07169
1.25793
1.26852
1.04369
1.2844
1.20893
1.25694
1.11936
1.21662
1.18346
1.22788
1.21902
1.15302
1.29643
1.13393
1.21313
1.17282
1.19934
1.16649
1.34615
1.15011
1.27102
1.11397
1.21917
1.20586
1.2973
1.19865
1.14915
1.11415
1.18679
1.30113
1.23948
1.11907
1.13488
1.32898
1.11269
1.22343
1.135
1.27645
1.2043
1.27487
1.15073
1.22552
1.16648
1.19838
1.13542
1.35548
1.16534
1.15545
1.10876
1.31089
1.16942
1.27158
1.12894
1.31427
1.08655
1.19751
1.20923
1.27476
1.14016
1.19576
1.21354
1.28186
1.13868
1.23766
1.15114
1.22572
1.27059
1.09067
1.28451
1.25335
1.07829
1.24595
1.2566
1.17813
1.2565
1.16466
1.15725
1.22081
1.18205
1.23797
1.15115
1.23947
1.2209
1.2039
1.11196
1.34639
1.10856
1.18541
1.16979
1.3393
1.11937
1.16229
1.24491
1.13955
1.21455
1.2319
1.33599
1.17972
1.20431
1.16009
1.18894
1.12472
1.29879
1.11986
1.36086
1.14875
1.13768
1.22592
1.19587
1.23487
1.10862
1.3169
1.16231
1.13737
1.17013
1.32957
1.25122
1.16252
1.07159
1.26189
1.28355
1.12161
1.08073
1.28465
1.18847
1.21933
1.18942
1.23781
1.14449
1.19556
1.18358
1.26449
1.23907
1.19283
1.17393
1.12137
1.25939
1.26313
1.17913
1.16264
1.2787
1.17304
1.2228
1.11606
1.20384
1.18075
1.22607
1.19779
1.32006
1.18181
1.06294
1.15083
1.24977
1.20408
1.41496
1.0748
1.12629
1.17967
1.22163
1.17404
1.27431
1.31389
1.1243
1.11982
1.21492
1.27111
1.19405
1.21286
1.21016
1.20581
1.20748
1.17766
1.27044
1.1535
1.24515
1.39148
1.08003
1.04522
1.21059
1.25192
1.23997
1.23156
1.10928
1.24294
1.26086
1.18291
1.13293
1.22477
1.29961
1.09008
1.16624
1.16358
1.35654
1.1639
1.17761
1.16592
1.19197
1.3032
1.16281
1.22537
1.23321
1.17238
1.22289
1.13759
1.25285
1.18161
1.11631
1.23747
1.25668
1.2477
1.07754
1.14356
1.33409
1.27659
1.08573
1.1147
1.29383
1.16523
1.2497
1.15791
1.20706
1.17673
1.22454
1.27691
1.23529
1.04626
1.22586
1.1933
1.31684
1.15934
1.21415
1.21413
1.13928
1.24556
1.2493
1.19042
1.14075
1.27424
1.16297
1.18671
1.15973
1.2315
1.16993
1.18959
1.2231
1.22922
1.18252
1.22962
1.11184
1.21392
1.21393
1.16443
1.25046
1.24598
1.19568
1.04316
1.19135
1.26956
1.24402
1.2041
1.1418
1.11382
1.21485
1.22276
1.24573
1.25273
1.14146
1.2653
1.08914
1.24663
1.21191
1.22084
1.23169
1.08764
1.25439
1.08995
1.32037
1.14091
1.18459
1.13442
1.29879
1.14826
1.19061
1.185
1.22877
1.26366
1.14707
1.25887
1.12319
1.1738
1.17402
1.27536
1.23916
1.19646
1.18036
1.18566
1.25072
1.15135
1.19849
1.16839
1.31043
1.13864
1.19479
1.23172
1.1987
1.22461
1.19582
1.18253
1.23958
1.10721
1.15456
1.15381
1.27107
1.18197
1.34972
1.20312
1.07323
1.24839
1.21647
1.20675
1.12257
1.18534
1.25225
1.14615
1.20388
1.26763
1.1831
1.20771
1.17559
1.0918
1.353
1.16106
1.1283
1.29043
1.20151
1.19355
1.14146
1.22844
1.26475
1.21217
1.13379
1.29582
1.20301
1.1516
1.15448
1.23904
1.25303
1.1632
1.14629
1.16047
1.29228
1.21607
1.20921
1.1242
1.27713
1.19045
1.21433
1.21338
1.09005
1.25276
1.23502
1.19936
1.18885
1.12514
1.20568
1.28631
1.25795
1.10612
1.25261
1.13912
1.22009
1.23738
1.18971
1.21949
1.2095
1.07823
1.1582
1.22662
1.224
1.2644
1.19052
1.22133
1.12908
1.26358
1.1509
1.28583
1.18163
1.17018
1.17841
1.2399
1.27713
1.15592
1.18784
1.24391
1.24913
1.13414
1.27381
1.24367
1.15275
1.22876
1.10487
1.22783
1.23618
1.17182
1.25027
1.23546
1.24616
1.11412
1.15558
1.15468
1.18197
1.2434
1.3238
1.12031
1.18177
1.1705
1.35426
1.09614
1.21292
1.20891
1.22375
1.10355
1.30507
1.23381
1.12084
1.26055
1.13902
1.18382
1.24169
1.2444
1.13827
1.22483
1.18735
1.23299
1.16276
1.2343
1.16636
1.18621
1.20476
1.2793
1.15671
1.11771
1.36279
1.15071
1.1839
1.14997
1.23596
1.12386
1.25853
1.25905
1.1814
1.11691
1.2184
1.19745
1.23952
1.19758
1.12297
1.22916
1.21297
1.25145
1.24982
1.18105
1.13402
1.14926
1.26725
1.28168
1.15192
1.22265
1.11892
1.14773
1.25356
1.22876
1.24907
1.08753
1.20333
1.29799
1.18932
1.22301
1.13059
1.22037
1.09344
1.26323
1.21515
1.17941
1.20245
1.24567
1.10498
1.29065
1.2018
1.18562
1.20143
1.16924
1.09978
1.36992
1.20893
1.17974
1.13285
1.21406
1.27709
1.18496
1.20188
1.22861
1.15583
1.17644
1.15854
1.15447
1.26776
1.29504
1.20253
1.16133
1.21635
1.11344
1.20913
1.21606
1.19094
1.25007
1.14516
1.15754
1.1861
1.24289
1.17101
1.30567
1.1424
1.14039
1.22
1.12477
1.25033
1.25338
1.16113
1.23821
1.14457
1.23357
1.21168
1.13322
1.26472
1.20653
1.24367
1.11967
1.16984
1.24035
1.21504
1.13383
1.19063
1.23183
1.23978
1.20642
1.21865
1.19655
1.11737
1.2577
1.15349
1.29386
1.20585
1.1446
1.34692
1.11812
1.09597
1.20255
1.27427
1.17375
1.24003
1.13939
1.23389
1.17442
1.24321
1.19839
1.204
1.31346
1.18595
1.14842
1.25472
1.15532
1.245
1.10385
1.20566
1.0993
1.25209
1.23717
1.27851
1.13836
1.20401
1.15388
1.32354
1.25705
1.03313
1.22868
1.26418
1.15964
1.10401
1.21058
1.25864
1.15846
1.25084
1.25689
1.18272
1.17398
1.0441
1.20507
1.30853
1.18351
1.20795
1.19714
1.15778
1.28067
1.06696
1.23976
1.22733
1.33165
1.11689
1.2051
1.1909
1.10116
1.17402
1.23293
1.33248
1.22488
1.17701
1.07836
1.30712
1.27403
1.199
1.20539
1.19974
1.13577
1.19238
1.26325
1.17919
1.12482
1.15225
1.26305
1.31781
1.22474
1.05832
1.16158
1.20764
1.23771
1.25377
1.27429
1.16621
1.13914
1.17173
1.25592
1.21819
1.2238
1.21997
1.13097
1.18502
1.24427
1.30666
1.16983
1.07096
1.17183
1.32049
1.16393
1.16509
1.24245
1.18927
1.20354
1.17148
1.16623
1.34981
1.13714
1.0951
1.25606
1.30968
1.11893
1.20838
1.18986
1.28243
1.09086
1.17419
1.32803
1.24284
1.17436
1.19078
1.11993
1.25148
1.16099
1.21494
1.17368
1.28763
1.17793
1.12835
1.28094
1.15005
1.19687
1.22097
1.26226
1.23776
1.22121
1.0957
1.22497
1.17502
1.20887
1.14571
1.28152
1.1601
1.24391
1.26405
1.19757
1.10417
1.23602
1.13991
1.31771
1.1958
1.10245
1.21698
1.21768
1.27848
1.16935
1.3032
1.2022
1.17637
1.12684
1.19554
1.24205
1.2359
1.21455
1.24038
1.26119
1.16884
1.10458
1.14126
1.19229
1.2015
1.33674
1.2463
1.06234
1.26416
1.19867
0.945435
1.26189
1.34689
1.15018
1.14642
1.13488
1.21283
1.19911
1.25294
1.21208
1.14251
1.26037
1.1924
1.23768
1.20977
1.21802
1.19987
1.13645
1.30801
1.23215
1.09226
1.29369
1.15307
1.24736
1.19765
1.1793
1.19955
1.18452
1.22954
1.21629
1.24718
1.15232
1.18133
1.26449
1.12579
1.24879
1.23511
1.21337
1.25404
1.12146
1.13089
1.25683
1.29482
1.13253
1.2383
1.14496
1.28359
1.11767
1.28267
1.15499
1.31494
1.11422
1.19054
1.17482
1.27066
1.14357
1.25603
1.21274
1.20914
1.12669
1.14102
1.25864
1.20789
1.32005
1.1461
1.1762
1.07397
1.20135
1.24641
1.13042
1.24912
1.23205
1.18832
1.14145
1.16767
1.24506
1.30723
1.10934
1.14915
1.21885
1.17584
1.21508
1.21933
1.25034
1.14177
1.11072
1.36459
1.17252
1.10095
1.1538
1.26089
1.25687
1.2554
1.12962
1.13605
1.19382
1.24853
1.16312
1.28551
1.12997
1.17313
1.15096
1.1457
1.27842
1.27201
1.13786
1.22241
1.12844
1.19907
1.26891
1.18322
1.16852
1.23108
1.20431
1.19341
1.32589
1.12367
1.24351
1.18878
1.15727
1.16826
1.27586
1.15878
1.1933
1.23629
1.2474
1.25467
1.15624
1.11773
1.28885
1.15772
1.16971
1.24288
1.20166
1.24548
1.22341
1.1395
1.20911
1.23529
1.27033
1.24506
1.12557
1.24573
1.15358
1.22937
1.23866
1.10761
1.12488
1.28735
1.3245
1.09816
1.29006
1.16869
1.19337
1.21225
1.18608
1.1922
1.21883
1.142
1.25752
1.31456
1.0462
1.26763
1.13905
1.24606
1.17573
1.26355
1.2476
1.09156
1.19038
1.28083
1.22768
1.07395
1.26769
1.3134
1.14762
1.26291
1.15315
1.1322
1.30586
1.26397
1.16597
1.11938
1.17044
1.22858
1.24388
1.14042
1.32542
1.18512
1.10444
1.27921
1.20306
1.13939
1.18621
1.25966
1.24376
1.25246
1.08183
1.17572
1.26032
1.20196
1.20787
1.28945
1.1652
1.17525
1.19785
1.25458
1.16969
1.18654
1.17084
1.19417
1.25979
1.20788
1.20714
1.2324
1.16516
1.19487
1.1259
1.13463
1.28286
1.2273
1.15311
1.29743
1.11756
1.24151
1.18937
1.16957
1.21666
1.21812
1.22915
1.21661
1.14883
1.12801
1.27048
1.25082
1.12497
1.20267
1.24586
1.23812
1.18485
1.15075
1.23427
1.20898
1.14242
1.29207
1.15356
1.21114
1.09652
1.25263
1.23878
1.24043
1.12552
1.2063
1.20395
1.27972
1.21357
1.13613
1.29967
1.11993
1.30703
1.04144
1.35127
1.18262
1.11721
1.21835
1.31873
1.17004
1.20516
1.15204
1.15818
1.27914
1.24774
1.12536
1.23508
1.31307
1.04834
1.22639
1.23359
1.23197
1.08405
1.32612
1.1391
1.23875
1.17015
1.21279
1.22118
1.16144
1.23893
1.22192
1.16184
1.16608
1.1571
1.25428
1.25631
1.2218
1.08594
1.23797
1.12846
1.27011
1.21035
1.15946
1.2974
1.12928
1.22578
1.2025
1.18416
1.09224
1.35494
1.12022
1.26718
1.26054
1.1277
1.10679
1.20819
1.39498
1.14169
1.14997
1.35471
1.16646
1.20124
1.05855
1.19543
1.31541
1.14603
1.25142
1.27052
1.21261
1.10888
1.16627
1.25507
1.1934
1.31053
1.18478
1.19792
1.18012
1.14721
1.26199
1.11866
1.23549
1.32661
1.10786
1.14331
1.27275
1.26137
1.1462
1.27594
1.1162
1.26134
1.15982
1.27664
1.16817
1.06871
1.26767
1.31853
1.11734
1.12076
1.33293
1.13112
1.16567
1.24968
1.23928
1.12362
1.20369
1.29499
1.10127
1.30835
1.17867
1.20659
1.14374
1.20181
1.27387
1.28295
1.16521
1.08481
1.16398
1.27573
1.30458
1.21274
1.09376
1.18606
1.21307
1.24509
1.26054
1.19941
1.13437
1.21126
1.26867
1.1267
1.21917
1.16541
1.30466
1.23517
1.18916
1.22627
1.15298
1.15782
1.29312
1.24043
1.15651
1.28184
1.16828
1.06388
1.32162
1.26479
1.14034
1.16924
