-0.342683   0.152243   -0.449814
0.0279062   0.247948   -0.222901
0.367481   -0.301288   0.107873
-0.187667   -0.399747   0.461067
-0.395614   0.424416   0.317834
-0.298169   -0.0821316   0.154041
0.299713   0.220826   -0.138094
-0.188513   0.336618   -0.317226
0.00486577   -0.466671   0.196557
-0.0772434   -0.480116   -0.296551
-0.144712   0.254616   0.413185
0.0714335   -0.0901331   0.214227
-0.162348   -0.334074   0.137099
0.26187   -0.236825   0.431318
0.107781   0.226387   -0.487687
-0.0249833   -0.105855   -0.141735
-0.133834   0.13321   -0.0735144
0.495617   -0.456214   -0.182086
-0.0143466   -0.435109   -0.160112
-0.209211   0.307428   0.139954
0.0780576   0.214668   -0.418187
-0.0835929   0.275876   -0.211862
0.337574   0.401987   -0.0751085
0.290567   -0.493208   -0.40304
-0.399828   0.101547   -0.112221
0.263123   -0.095048   0.205859
-0.0326158   0.175916   0.427838
0.120345   -0.142479   -0.222212
-0.271244   0.0766253   -0.402662
-0.362354   0.228134   0.407047
0.377125   -0.251651   0.250684
-0.45247   -0.443836   -0.117267
-0.434212   -0.279274   0.0250562
0.452923   -0.208593   0.464301
-0.445642   -0.133682   0.264814
-0.41082   0.0490141   0.247908
0.422256   -0.0642632   -0.375157
-0.046824   0.382399   0.00721055
0.224088   0.493457   -0.209793
0.224279   -0.36907   -0.0492202
-0.407163   -0.0565183   -0.131218
-0.165557   -0.204814   -0.260757
0.282561   -0.337561   0.192142
-0.461901   -0.0774404   -0.416694
-0.148759   0.0260645   -0.397626
-0.444453   -0.299025   0.174124
-0.144014   -0.460575   -0.410482
-0.431705   0.436476   -0.205603
-0.41109   0.0237945   -0.187207
0.460143   -0.308079   0.453122
0.37596   -0.0907774   -0.0406546
0.31073   -0.465589   0.100321
0.104984   -0.383217   0.119171
0.467099   -0.40938   0.0103659
-0.101245   -0.291839   0.473803
0.386964   0.0250892   0.486394
-0.0498783   -0.402322   0.483786
0.0177633   -0.28828   0.0807216
0.399896   0.261758   -0.0307491
0.419764   0.251709   0.424928
-0.080929   0.0117292   -0.149661
-0.268593   -0.39288   0.115577
0.328458   0.498427   -0.154372
-0.424323   0.0863932   -0.405287
0.00757317   -0.359904   0.147659
0.456953   -0.33122   -0.221547
-0.361512   0.47515   -0.28544
0.120043   -0.276946   -0.0675121
-0.286089   0.345078   -0.433063
-0.0419117   -0.491416   0.260538
-0.0548773   0.0297224   0.163338
-0.26749   -0.0318179   -0.244765
-0.239894   0.212991   -0.496327
0.168169   0.050641   -0.317978
-0.345197   -0.37902   -0.268611
-0.3079   -0.288699   -0.367588
0.345592   0.254219   0.0297994
-0.220155   0.171053   0.12786
-0.0106166   0.190236   0.30861
-0.38268   -0.0802135   0.0338725
-0.350845   0.467951   -0.375333
-0.410509   -0.146645   0.3466
0.208754   0.485232   -0.3982
-0.454648   0.440705   0.409668
0.326705   0.381949   0.133243
-0.0218111   -0.23605   0.444925
0.400519   -0.229303   0.076651
0.425974   -0.314853   -0.0457066
-0.0115045   -0.0184482   0.277479
0.368334   -0.486616   -0.283245
0.311148   -0.433494   0.276944
0.441191   -0.206075   -0.296167
0.0305033   -0.27499   0.168606
0.192408   -0.0497713   -0.47676
-0.179848   -0.027738   0.198589
-0.153559   0.135951   0.0739831
-0.177094   -0.321888   -0.355668
-0.200702   -0.334439   0.297862
0.421354   -0.377173   -0.100559
-0.0591134   -0.402928   -0.234323
0.412135   -0.346502   0.0225102
0.472762   -0.406057   -0.486291
-0.0947733   -0.487266   -0.0568013
0.29589   0.457154   0.0278426
0.0521947   0.0980773   -0.236507
0.475614   0.369172   0.154212
-0.267266   0.424525   -0.459579
-0.356004   -0.0674286   -0.25381
