-6.66288 0     9.57917 0
-6.66278 9.67408e-05     9.57723 0.00194813
-6.66366 0.000880426     9.57529 0.00223638
-6.66361 0.000624664     9.5774 0.00263438
-6.66416 0.000736609     9.57876 0.00245527
-6.6643 0.000616331     9.57855 0.00201618
-6.66468 0.000645548     9.57697 0.0023258
-6.66476 0.000565324     9.57582 0.0023188
-6.66467 0.0005073     9.57571 0.0020477
-6.66459 0.000461488     9.577 0.00223891
-6.66448 0.000430998     9.5785 0.00251912
-6.66471 0.000454872     9.57901 0.00235522
-6.66474 0.000419497     9.57917 0.00217254
-6.66468 0.000392137     9.57924 0.00201276
-6.66473 0.000367747     9.57911 0.00187835
-6.66473 0.000344015     9.5797 0.00185262
-6.66469 0.000325138     9.58072 0.00201881
-6.66473 0.000308217     9.58131 0.00199274
-6.66464 0.000303512     9.58186 0.00196191
-6.66481 0.000334868     9.58132 0.00193612
-6.66486 0.000322162     9.58134 0.00184173
-6.66478 0.000316586     9.58155 0.00176779
-6.66477 0.000303048     9.58206 0.00176613
-6.66481 0.00029386     9.58214 0.00169255
-6.6649 0.000295563     9.58226 0.00162797
-6.66485 0.000289159     9.58238 0.00156847
-6.66478 0.000286105     9.58238 0.00150928
-6.66482 0.000278349     9.58211 0.00147981
-6.66482 0.00026858     9.58199 0.00143271
-6.66484 0.00026047     9.58146 0.00148253
-6.66486 0.000252266     9.58184 0.00148214
-6.66484 0.000244526     9.58169 0.00144239
-6.66485 0.000237211     9.58144 0.00142057
-6.66484 0.000230585     9.58161 0.0013885
-6.66488 0.000226818     9.58159 0.00134837
-6.66493 0.000225885     9.58123 0.00135823
-6.66484 0.000236537     9.58121 0.00132115
-6.66484 0.000230343     9.58121 0.00128591
-6.66481 0.00022695     9.58126 0.00125352
-6.66479 0.000222298     9.58144 0.0012352
-6.66482 0.000218908     9.58137 0.00120697
-6.66481 0.000213881     9.58159 0.00119845
-6.66476 0.000213495     9.58176 0.00118192
-6.66474 0.000209756     9.58185 0.00115866
-6.66473 0.000205465     9.5819 0.00113377
-6.66481 0.000214933     9.58177 0.00111736
-6.66481 0.000210435     9.5818 0.00109396
-6.6648 0.000206181     9.58167 0.00107971
-6.66479 0.000202296     9.58178 0.00106365
-6.66475 0.000202874     9.58185 0.00104434
-6.66475 0.00019886     9.58174 0.00102938
-6.66475 0.000195143     9.58164 0.00101397
-6.66479 0.000194696     9.58146 0.0010119
-6.66484 0.000197529     9.58143 0.000993311
-6.66489 0.000200245     9.58117 0.00100869
-6.66489 0.000196642     9.58118 0.000990547
-6.66489 0.000193204     9.58098 0.000993549
-6.6649 0.000190174     9.58088 0.000981364
-6.66492 0.000187943     9.58074 0.000974543
-6.66493 0.000184941     9.58073 0.000958295
-6.66496 0.000184589     9.58065 0.000945708
-6.66497 0.000181662     9.58052 0.000938969
-6.66502 0.000185798     9.58026 0.000958823
-6.66498 0.00018715     9.58032 0.00094555
-6.665 0.000185795     9.58045 0.000940254
-6.66501 0.00018307     9.58046 0.00092595
-6.66505 0.000184404     9.58022 0.000944658
-6.66504 0.000181746     9.58018 0.000931403
-6.66504 0.000179101     9.58033 0.000930561
-6.66507 0.0001779     9.58038 0.000918166
-6.66504 0.000177245     9.58035 0.000905551
-6.66506 0.000175929     9.58033 0.000893089
-6.66507 0.000173688     9.58022 0.000888415
-6.66511 0.00017665     9.58011 0.000882574
-6.66515 0.000177484     9.58009 0.000870874
-6.6652 0.000183608     9.57995 0.000870934
-6.66519 0.000181632     9.58013 0.000877304
-6.6652 0.00017969     9.57999 0.000877603
-6.6652 0.000177449     9.57984 0.000878462
-6.66523 0.000176431     9.57965 0.000888443
-6.66521 0.000174554     9.57948 0.000894201
-6.66523 0.000173493     9.5794 0.000886875
-6.66523 0.00017159     9.57932 0.000879841
-6.66525 0.000170681     9.57942 0.000876196
-6.66526 0.00016962     9.57933 0.000870925
-6.66527 0.000167985     9.57917 0.000876454
-6.6653 0.000167786     9.57905 0.000873968
-6.6653 0.00016588     9.57903 0.000864277
-6.66531 0.000164641     9.57884 0.00087487
-6.66534 0.000164698     9.57863 0.000890527
-6.66535 0.000163123     9.57856 0.000883545
-6.66535 0.00016158     9.57853 0.000874188
-6.66535 0.000159838     9.5785 0.00086534
-6.66536 0.00015837     9.57838 0.000864944
-6.66536 0.000156698     9.57843 0.000857285
-6.66537 0.00015526     9.57843 0.000848308
-6.66538 0.000153737     9.57841 0.000839825
-6.66538 0.000152175     9.5784 0.000831224
-6.66539 0.000150905     9.57843 0.000823254
-6.66539 0.000149391     9.5783 0.000825791
-6.66537 0.000148726     9.57824 0.000819339
-6.66537 0.000147268     9.57812 0.000819792
-6.66537 0.000145902     9.57816 0.000812388
-6.66539 0.000146677     9.57817 0.000804711
-6.66543 0.000150567     9.578 0.000815396
-6.66546 0.000152154     9.578 0.000807669
-6.66546 0.000150727     9.57795 0.000801601
-6.66543 0.000151932     9.57813 0.00081328
-6.66545 0.000151073     9.57814 0.000805815
-6.66546 0.000150556     9.57811 0.000798767
-6.66548 0.000149729     9.57807 0.000792643
-6.66548 0.000148409     9.57797 0.00079227
-6.66549 0.000147362     9.57797 0.000785229
-6.66549 0.000146128     9.57802 0.000779821
-6.6655 0.000145414     9.57801 0.000773011
-6.66551 0.000144179     9.57808 0.000769264
-6.6655 0.000142976     9.57803 0.000764691
-6.66549 0.000142534     9.57805 0.000758562
-6.66551 0.000142444     9.57789 0.000768648
-6.66551 0.000141366     9.57788 0.00076233
-6.66552 0.000140508     9.57781 0.000758949
-6.66552 0.00013937     9.57789 0.000756914
-6.6655 0.000139677     9.57799 0.000756809
-6.6655 0.000138554     9.57801 0.000751046
-6.66553 0.000140121     9.57795 0.000747432
-6.66552 0.000139023     9.57796 0.000741538
-6.66552 0.000137925     9.57802 0.000738191
-6.66552 0.000137037     9.57795 0.000736226
-6.66553 0.000136808     9.57792 0.000731018
-6.66554 0.000135823     9.5779 0.000725545
-6.66552 0.000135322     9.57792 0.000720103
-6.66553 0.000134539     9.57788 0.000715666
-6.66554 0.000133903     9.57784 0.000711102
-6.66555 0.000133277     9.57781 0.000706392
-6.66555 0.000132287     9.57783 0.000701458
-6.66555 0.00013141     9.57779 0.000697747
-6.66554 0.000130499     9.57788 0.000698704
-6.66555 0.000129781     9.57791 0.00069411
-6.66555 0.000128851     9.57798 0.000692711
-6.66554 0.000128615     9.57799 0.000687863
-6.66556 0.000129247     9.57792 0.000687044
-6.66557 0.000128694     9.57789 0.000682666
-6.66556 0.000128023     9.57789 0.000677886
-6.66557 0.000127401     9.57783 0.000676452
-6.66558 0.000127527     9.57767 0.000689964
-6.66557 0.000127559     9.57777 0.000691916
-6.66557 0.000126735     9.57772 0.000688678
-6.66558 0.000126285     9.57762 0.000690848
-6.66559 0.000125928     9.57747 0.000703495
-6.66559 0.000125089     9.57745 0.000698939
-6.6656 0.000124331     9.57742 0.000695028
-6.66561 0.000123793     9.57737 0.000692193
-6.6656 0.000123     9.57731 0.000690536
-6.66559 0.000122761     9.57732 0.000686058
-6.66559 0.000122008     9.57734 0.000682099
-6.66558 0.0001213     9.57739 0.000679489
-6.66559 0.000120802     9.57745 0.000677754
-6.66559 0.000120059     9.57742 0.000673949
-6.66559 0.00011933     9.57741 0.000669852
-6.6656 0.000119161     9.57738 0.000666181
-6.66561 0.000118726     9.57741 0.000662735
-6.6656 0.000118153     9.57745 0.000659633
-6.66559 0.000117976     9.57758 0.000667939
-6.66559 0.000117257     9.57757 0.000663898
-6.66559 0.000116609     9.57754 0.000660448
-6.66559 0.000115905     9.57751 0.0006571
-6.6656 0.00011544     9.57749 0.000653438
-6.66561 0.00011538     9.57751 0.000649691
-6.66561 0.000114735     9.5775 0.000645906
-6.66562 0.000114946     9.57741 0.000647625
-6.66561 0.000115047     9.57749 0.000647902
-6.6656 0.000114614     9.57747 0.00064447
-6.66559 0.000114583     9.57743 0.000641799
-6.6656 0.000114386     9.57733 0.000645509
-6.66559 0.000114006     9.57739 0.000644995
-6.6656 0.000113361     9.57741 0.000641492
-6.6656 0.000112819     9.57738 0.000638722
-6.66562 0.000113636     9.57726 0.000646372
-6.66562 0.000113013     9.5772 0.000645308
-6.66561 0.000112658     9.57717 0.000642239
-6.66563 0.000112906     9.57716 0.000638799
-6.66563 0.000112285     9.57712 0.000636308
-6.66564 0.000112063     9.57709 0.000633902
-6.66564 0.000111612     9.57709 0.000630474
-6.66564 0.000111008     9.57712 0.000627443
-6.66565 0.00011078     9.57716 0.000625655
-6.66565 0.000110245     9.57718 0.000622634
-6.66564 0.000109954     9.5772 0.00061963
-6.66564 0.000109549     9.57717 0.000616918
-6.66567 0.000111235     9.57711 0.00061647
-6.66568 0.000111192     9.57706 0.000615319
-6.66568 0.00011084     9.57706 0.00061212
-6.66568 0.000110318     9.57708 0.000609269
-6.66568 0.000109773     9.57705 0.000606689
-6.66569 0.000109257     9.577 0.000605844
-6.66569 0.000108752     9.57696 0.000604395
-6.66568 0.000108329     9.57701 0.000603544
-6.66569 0.000107816     9.577 0.000600616
-6.66568 0.000107883     9.57699 0.000597594
-6.66569 0.00010795     9.57699 0.00059461
-6.66569 0.00010764     9.5769 0.000598226
-6.66569 0.000107147     9.57692 0.00059563
-6.66568 0.000106833     9.57694 0.000592852
-6.66568 0.000106607     9.57696 0.00059026
-6.66568 0.000106089     9.57694 0.000587685
-6.66567 0.000105995     9.57698 0.000586608
-6.66567 0.000105531     9.57698 0.000583778
-6.66565 0.00010759     9.57709 0.000592355
-6.66565 0.000107093     9.57712 0.00059002
-6.66565 0.000106582     9.57719 0.00059094
-6.66564 0.000106491     9.57719 0.000588193
-6.66564 0.000106104     9.57722 0.000586189
-6.66563 0.000105692     9.57723 0.000583447
-6.66563 0.0001052     9.57722 0.000580773
-6.66564 0.000105613     9.57717 0.000580089
-6.66565 0.000105159     9.57716 0.000577609
-6.66565 0.000104706     9.57715 0.000574994
-6.66564 0.000104407     9.57719 0.000573983
-6.66565 0.000104031     9.57718 0.000571473
-6.66564 0.000103668     9.57724 0.000571614
-6.66564 0.000103207     9.57729 0.000571527
-6.66565 0.000102922     9.57731 0.000569352
-6.66565 0.000102461     9.57731 0.000566797
-6.66565 0.000102006     9.57733 0.000564531
-6.66565 0.000101553     9.57735 0.000562249
-6.66566 0.000101409     9.57731 0.000561055
-6.66566 0.000100968     9.57731 0.000558579
-6.66566 0.000100549     9.57726 0.00055857
-6.66566 0.000100114     9.57727 0.000556303
-6.66566 9.97055e-05     9.5773 0.000554441
-6.66567 9.97618e-05     9.5773 0.000552077
-6.66567 9.93317e-05     9.57728 0.000550018
-6.66566 9.89146e-05     9.57727 0.000547821
-6.66567 9.85112e-05     9.57728 0.000545533
-6.66567 9.84575e-05     9.57719 0.000549768
-6.66567 9.82804e-05     9.57722 0.000548183
-6.66567 9.78649e-05     9.57728 0.000548664
-6.66566 9.76313e-05     9.57729 0.000546459
-6.66565 9.80286e-05     9.5773 0.000544205
-6.66566 9.78095e-05     9.57729 0.000541997
-6.66565 9.74209e-05     9.5773 0.000539854
-6.66564 9.75233e-05     9.57737 0.000541972
-6.66564 9.71221e-05     9.57739 0.000540076
-6.66563 9.71079e-05     9.57745 0.000541582
-6.66563 9.68457e-05     9.57748 0.000540463
-6.66562 9.66085e-05     9.57752 0.000539478
-6.66562 9.64497e-05     9.57755 0.000538347
-6.66561 9.61528e-05     9.57755 0.000536201
-6.66561 9.58107e-05     9.57754 0.000534055
-6.66562 9.56259e-05     9.57754 0.00053192
-6.6656 9.58785e-05     9.57754 0.000529804
-6.6656 9.55865e-05     9.57752 0.000528175
-6.6656 9.52884e-05     9.57751 0.000526108
-6.66559 9.50657e-05     9.5775 0.000524247
-6.66558 9.50086e-05     9.57753 0.000523181
-6.66557 9.5318e-05     9.57758 0.000523655
-6.66557 9.51925e-05     9.57758 0.000521614
-6.66556 9.5145e-05     9.57762 0.000520927
-6.66556 9.4843e-05     9.57758 0.000519927
-6.66556 9.44972e-05     9.57755 0.000518807
-6.66556 9.41708e-05     9.5776 0.000519177
-6.66556 9.38742e-05     9.57768 0.000522875
-6.66557 9.42726e-05     9.57767 0.000521033
-6.66556 9.43595e-05     9.5777 0.000519791
-6.66556 9.41079e-05     9.5777 0.000517897
-6.66556 9.40321e-05     9.57774 0.000517343
-6.66556 9.3688e-05     9.57772 0.000515883
-6.66555 9.35561e-05     9.57771 0.000514007
-6.66555 9.32077e-05     9.57774 0.000512876
-6.66554 9.30161e-05     9.57775 0.000511144
-6.66554 9.27734e-05     9.57774 0.000509352
-6.66553 9.33464e-05     9.57778 0.00050844
-6.66553 9.31141e-05     9.57774 0.000507999
-6.66553 9.29322e-05     9.57776 0.000506854
-6.66554 9.30696e-05     9.57777 0.000505053
-6.66553 9.30477e-05     9.57781 0.000504822
-6.66553 9.27113e-05     9.57782 0.000503055
-6.66553 9.24293e-05     9.57784 0.000501788
-6.66552 9.22923e-05     9.57785 0.000500021
-6.66552 9.19846e-05     9.57785 0.000498263
-6.66553 9.17345e-05     9.57786 0.0004965
-6.66552 9.18147e-05     9.57789 0.000495843
-6.6655 9.34889e-05     9.57801 0.000507702
-6.66551 9.34069e-05     9.57801 0.000505936
-6.66551 9.34924e-05     9.57801 0.00050416
-6.66552 9.31799e-05     9.57804 0.000503058
-6.66551 9.28689e-05     9.57803 0.00050133
-6.66551 9.28179e-05     9.57804 0.00049969
-6.6655 9.28453e-05     9.57806 0.000498263
-6.6655 9.2571e-05     9.57808 0.000497006
-6.6655 9.22964e-05     9.57807 0.000495395
-6.6655 9.19943e-05     9.57805 0.000494145
-6.6655 9.19008e-05     9.57806 0.000492498
-6.6655 9.20149e-05     9.57811 0.000493323
-6.66549 9.17024e-05     9.57807 0.000493028
-6.66551 9.221e-05     9.57804 0.000492394
-6.66551 9.19125e-05     9.57804 0.000490734
-6.66551 9.16206e-05     9.57805 0.000489284
-6.66551 9.13725e-05     9.57804 0.000487685
-6.66551 9.11847e-05     9.57804 0.000486068
-6.66551 9.10214e-05     9.57803 0.000484678
-6.66551 9.07328e-05     9.57802 0.000483159
-6.6655 9.07777e-05     9.57804 0.000481946
-6.66551 9.07347e-05     9.57801 0.000481135
-6.66551 9.04368e-05     9.578 0.000479637
-6.66551 9.01426e-05     9.57798 0.000478318
-6.66551 8.9865e-05     9.57801 0.000477591
-6.66551 8.96278e-05     9.57795 0.000480174
-6.66551 8.93515e-05     9.57792 0.000479495
-6.66551 8.90991e-05     9.57792 0.000477949
-6.66551 8.89099e-05     9.5779 0.000476905
-6.66551 8.86315e-05     9.57792 0.000475735
-6.66552 8.83931e-05     9.57789 0.000475071
-6.66551 8.81337e-05     9.5779 0.000473596
-6.66552 8.80239e-05     9.57793 0.000473389
-6.66551 8.80569e-05     9.57801 0.000477633
-6.66552 8.79532e-05     9.57798 0.000476706
-6.66551 8.78602e-05     9.578 0.000475566
-6.66551 8.76648e-05     9.57806 0.000477212
-6.66551 8.73913e-05     9.5781 0.000477385
-6.66551 8.71212e-05     9.57808 0.00047602
-6.6655 8.71288e-05     9.5781 0.000474729
-6.6655 8.68807e-05     9.57808 0.000473712
-6.66549 8.70299e-05     9.57809 0.000472498
-6.6655 8.67934e-05     9.57808 0.000471149
-6.6655 8.65888e-05     9.57812 0.000471234
-6.66549 8.65467e-05     9.57813 0.00047
-6.66549 8.62876e-05     9.57813 0.000468607
-6.66549 8.60252e-05     9.57815 0.000467561
-6.66549 8.58434e-05     9.57818 0.000467469
-6.66548 8.64694e-05     9.57823 0.000468512
-6.66548 8.62281e-05     9.57823 0.000467107
-6.66547 8.62641e-05     9.57825 0.00046641
-6.66546 8.6154e-05     9.57827 0.000465489
-6.66545 8.66573e-05     9.57832 0.000466738
-6.66544 8.69491e-05     9.57835 0.000465919
-6.66544 8.67237e-05     9.57834 0.000464543
-6.66543 8.68471e-05     9.57837 0.000463658
-6.66542 8.72237e-05     9.57839 0.000462917
-6.66543 8.70448e-05     9.57839 0.000461569
-6.66543 8.67892e-05     9.5784 0.000460312
-6.66542 8.6629e-05     9.5784 0.000459012
-6.66542 8.64129e-05     9.57843 0.000458647
-6.66542 8.64503e-05     9.57847 0.000459791
-6.66542 8.61996e-05     9.5785 0.000458972
-6.66541 8.60594e-05     9.57853 0.000458995
-6.6654 8.62665e-05     9.57852 0.000457752
-6.6654 8.60198e-05     9.57852 0.000456435
-6.6654 8.57756e-05     9.57851 0.000455324
-6.66541 8.58445e-05     9.57849 0.00045423
-6.66542 8.57351e-05     9.5785 0.000452937
-6.66541 8.58968e-05     9.57852 0.000452174
-6.66541 8.56844e-05     9.57852 0.000450897
-6.66542 8.61546e-05     9.57851 0.000449813
-6.66542 8.59121e-05     9.57848 0.000449336
-6.66541 8.58249e-05     9.57852 0.000449631
-6.6654 8.62935e-05     9.57855 0.000449808
-6.6654 8.60843e-05     9.57851 0.000450581
-6.6654 8.58453e-05     9.57852 0.000449394
-6.66541 8.56412e-05     9.57852 0.000448191
-6.66541 8.54216e-05     9.57854 0.000447093
-6.66541 8.51875e-05     9.57854 0.000445882
-6.66541 8.49591e-05     9.57855 0.000444736
-6.6654 8.47652e-05     9.57854 0.000443547
-6.66541 8.46326e-05     9.57853 0.00044259
-6.66541 8.44022e-05     9.57853 0.0004414
-6.6654 8.43919e-05     9.57857 0.000441602
-6.6654 8.41744e-05     9.57856 0.000440488
-6.6654 8.41358e-05     9.57857 0.000439417
-6.66539 8.40017e-05     9.57858 0.000438259
-6.66539 8.38698e-05     9.57861 0.000438611
-6.66539 8.36919e-05     9.57862 0.000437595
-6.66539 8.35536e-05     9.57861 0.000436596
-6.66539 8.34137e-05     9.57861 0.000435466
-6.66539 8.32174e-05     9.57861 0.000434305
-6.66539 8.29992e-05     9.57862 0.000433327
-6.66539 8.27793e-05     9.57861 0.000432215
-6.66539 8.25602e-05     9.57862 0.000431211
-6.66539 8.23879e-05     9.57863 0.000430089
-6.66539 8.24685e-05     9.57866 0.000430003
-6.66539 8.22877e-05     9.57862 0.000430534
-6.66538 8.23221e-05     9.57862 0.000429434
-6.66537 8.24425e-05     9.57863 0.000428576
-6.66537 8.22281e-05     9.57868 0.00042983
-6.66537 8.20192e-05     9.57865 0.000429286
-6.66537 8.18351e-05     9.57866 0.000428244
-6.66537 8.16932e-05     9.57867 0.000427151
-6.66536 8.17976e-05     9.5787 0.000427135
-6.66536 8.16467e-05     9.57869 0.000426084
-6.66536 8.14379e-05     9.57869 0.00042499
-6.66536 8.1235e-05     9.57867 0.000424443
-6.66537 8.10468e-05     9.57865 0.000423963
-6.66537 8.09307e-05     9.57863 0.000423231
-6.66537 8.07257e-05     9.57864 0.000422335
-6.66537 8.05332e-05     9.57865 0.00042132
-6.66537 8.043e-05     9.57861 0.000421692
-6.66537 8.02504e-05     9.57858 0.000421868
-6.66537 8.00547e-05     9.57858 0.00042081
-6.66537 7.99585e-05     9.57859 0.000419823
-6.66537 7.97652e-05     9.57859 0.00041884
-6.66537 7.95994e-05     9.57861 0.000418098
-6.66537 7.94057e-05     9.57863 0.000417703
-6.66537 7.92174e-05     9.57861 0.000417131
-6.66537 7.9052e-05     9.57858 0.00041755
-6.66537 7.88577e-05     9.57858 0.000416519
-6.66536 7.87609e-05     9.57859 0.000415738
-6.66536 7.85689e-05     9.57859 0.000414716
-6.66537 7.83881e-05     9.57857 0.000414088
-6.66536 7.82198e-05     9.57858 0.000413096
-6.66536 7.81936e-05     9.57859 0.000412373
-6.66536 7.80526e-05     9.57855 0.000413241
-6.66536 7.788e-05     9.57853 0.000413213
-6.66536 7.78641e-05     9.57853 0.000412223
-6.66536 7.78662e-05     9.57851 0.000411636
-6.66537 7.77886e-05     9.57849 0.000411253
-6.66536 7.77205e-05     9.5785 0.00041035
-6.66536 7.75352e-05     9.57851 0.000409557
-6.66536 7.73524e-05     9.57851 0.000408576
-6.66536 7.74599e-05     9.57854 0.000408694
-6.66536 7.73342e-05     9.57854 0.000407727
-6.66536 7.71889e-05     9.57857 0.000407517
-6.66536 7.7111e-05     9.57855 0.00040703
-6.66537 7.72613e-05     9.5785 0.000408438
-6.66537 7.72264e-05     9.57847 0.000408481
-6.66538 7.71276e-05     9.57847 0.000407528
-6.66538 7.69522e-05     9.57846 0.00040664
-6.66538 7.67846e-05     9.57846 0.000405695
-6.66538 7.6605e-05     9.57846 0.000404781
-6.66538 7.64576e-05     9.57847 0.000404228
-6.66538 7.62866e-05     9.57847 0.000403378
-6.66538 7.61871e-05     9.57847 0.000402441
-6.66539 7.60245e-05     9.57845 0.000401982
-6.66539 7.58501e-05     9.57844 0.000401116
-6.66539 7.56751e-05     9.57844 0.00040021
-6.66539 7.55456e-05     9.57841 0.000400517
-6.66539 7.53905e-05     9.57841 0.000399633
-6.66539 7.52453e-05     9.57841 0.000398753
-6.66539 7.51896e-05     9.57839 0.000398592
-6.66539 7.50968e-05     9.5784 0.000397869
-6.66539 7.50014e-05     9.57837 0.000397939
-6.66539 7.49065e-05     9.57834 0.000398149
-6.66539 7.4741e-05     9.57835 0.000397439
-6.66539 7.4574e-05     9.57836 0.000396629
-6.66539 7.44361e-05     9.57836 0.000395783
-6.6654 7.42701e-05     9.57836 0.000394895
-6.66539 7.44062e-05     9.57839 0.000395244
-6.66539 7.42424e-05     9.57839 0.000394362
-6.66538 7.41469e-05     9.57841 0.000393813
-6.66538 7.39993e-05     9.57842 0.000393172
-6.66539 7.39588e-05     9.57841 0.000392427
-6.66538 7.41668e-05     9.57843 0.000392013
-6.66538 7.4072e-05     9.57842 0.000391362
-6.66537 7.43661e-05     9.57847 0.000393468
-6.66538 7.48277e-05     9.57843 0.00039419
-6.66537 7.47686e-05     9.57844 0.000393573
-6.66537 7.4605e-05     9.57843 0.00039282
-6.66537 7.45947e-05     9.57845 0.000392406
-6.66537 7.44319e-05     9.57848 0.000392674
-6.66537 7.43039e-05     9.57851 0.000392963
-6.66537 7.41804e-05     9.5785 0.000392338
-6.66537 7.40442e-05     9.57852 0.000391968
-6.66537 7.38881e-05     9.57853 0.000391392
-6.66537 7.37391e-05     9.57853 0.000390569
-6.66536 7.40664e-05     9.57856 0.000391024
-6.66535 7.41104e-05     9.57861 0.000392718
-6.66536 7.397e-05     9.57862 0.000392139
-6.66535 7.42975e-05     9.5787 0.000399137
-6.66535 7.4139e-05     9.57872 0.000398988
-6.66535 7.39813e-05     9.57873 0.00039819
-6.66535 7.38607e-05     9.57876 0.000398225
-6.66535 7.37059e-05     9.57876 0.000397414
-6.66534 7.36837e-05     9.57876 0.000396586
-6.66534 7.35336e-05     9.57878 0.000396064
-6.66534 7.34695e-05     9.57878 0.000395244
-6.66534 7.33166e-05     9.57877 0.000394555
-6.66533 7.3314e-05     9.57881 0.000395109
-6.66533 7.31871e-05     9.57883 0.000395251
-6.66533 7.30514e-05     9.57883 0.000394426
-6.66533 7.29297e-05     9.57885 0.00039376
-6.66533 7.27981e-05     9.57886 0.000393376
-6.66532 7.27169e-05     9.57887 0.000392673
-6.66532 7.26047e-05     9.57888 0.000391963
-6.66532 7.25139e-05     9.57887 0.000391348
-6.66532 7.23639e-05     9.57886 0.000390591
-6.66531 7.25774e-05     9.57888 0.000390093
-6.66531 7.24394e-05     9.57888 0.000389289
-6.66531 7.23005e-05     9.57889 0.000388766
-6.66531 7.21929e-05     9.57891 0.000388276
-6.6653 7.22484e-05     9.57894 0.000388391
-6.6653 7.21598e-05     9.57894 0.000387641
-6.6653 7.20521e-05     9.57897 0.000387577
-6.66529 7.19521e-05     9.57898 0.000387114
-6.66529 7.19291e-05     9.57902 0.000388104
-6.66528 7.20166e-05     9.57905 0.000388391
-6.66528 7.18864e-05     9.57905 0.000387663
-6.66528 7.18772e-05     9.57907 0.000387258
-6.66528 7.17379e-05     9.57907 0.000386512
-6.66527 7.16451e-05     9.57909 0.000386335
-6.66527 7.15144e-05     9.5791 0.000385645
-6.66527 7.16807e-05     9.57914 0.000387055
