Bins: 120
Nblocks: 500
0 0
0 0
0 0
0 0
0 0
0 0
0 0
0 0
0 0
0 0
0 0
0 0
0 0
0 0
0 0
0 0
0 0
0 0
0 0
0 0
0 0
0 0
0 0
0 0
0 0
0 0
0 0
0 0
0 0
0 0
0 0
0 0
0 0
0 0
0 0
0 0
0 0
0 0
0 0
0 0
0 0
0 0
0 0
0 0
0 0
0 0
0 0
5.78132e-07 4.30569e-07
7.63415e-05 6.0181e-06
0.00180807 3.17764e-05
0.0194504 0.000102975
0.113273 0.000254727
0.411592 0.000426946
1.04568 0.000665008
2.01598 0.00101949
3.13297 0.00126774
4.11179 0.0014385
4.71879 0.00145733
4.86276 0.00152392
4.58054 0.00150988
4.00047 0.00140684
3.27068 0.00129793
2.52424 0.00114443
1.84785 0.000933098
1.28702 0.000766527
0.853757 0.000652405
0.542044 0.00050821
0.329124 0.000442156
0.192137 0.000352791
0.110102 0.000271956
0.0646603 0.000226483
0.0450529 0.0001973
0.0444569 0.000213667
0.0602794 0.000256898
0.0929219 0.000306888
0.145123 0.000358999
0.220145 0.000414199
0.318596 0.000444367
0.439066 0.000436653
0.573514 0.000416651
0.70994 0.000479692
0.830362 0.000589629
0.919356 0.000727859
0.959151 0.000814668
0.943602 0.000805777
0.876504 0.000715818
0.766613 0.000555168
0.63326 0.000428083
0.495228 0.000330096
0.370471 0.000351305
0.272085 0.000397937
0.212194 0.000414869
0.198161 0.000443836
0.242587 0.000472928
0.357657 0.000497746
0.555022 0.000556659
0.84087 0.00059106
1.20446 0.000596088
1.61797 0.00057508
2.03076 0.000665228
2.38336 0.00078201
2.61548 0.0010067
2.6911 0.0010998
2.59537 0.00106621
2.3519 0.000907292
2.00792 0.000739561
1.61666 0.000557091
1.23437 0.000496656
0.905977 0.000517871
0.6575 0.000553482
0.503347 0.000556246
0.443041 0.000544896
0.46603 0.00047305
0.55228 0.00040012
0.676361 0.000347415
0.808747 0.000335485
0.921376 0.0004058
0.991395 0.000495721
1.00765 0.000532416
0.968262 0.000485228
