1.09265 0
1.09073 0.0019121
1.08915 0.00192659
1.08963 0.00144273
1.08902 0.00127083
1.09116 0.00237682
1.08934 0.00271281
1.09117 0.00297995
1.09011 0.00283524
1.08974 0.0025633
1.09022 0.00236897
1.09031 0.00216429
1.09159 0.00236886
1.09132 0.00220953
1.0916 0.00207595
1.09161 0.0019419
1.09138 0.00183882
1.09193 0.00181784
1.09212 0.00172973
1.09181 0.00167018
1.09167 0.00159421
1.09175 0.00152202
1.09168 0.001456
1.09173 0.00139478
1.09153 0.00135282
1.09162 0.00130317
1.09193 0.00129113
1.09169 0.00126728
1.09147 0.00124222
1.09098 0.00129461
1.09083 0.00126192
1.09091 0.00122465
1.09104 0.00119461
1.09122 0.00117168
1.0913 0.00114081
1.09105 0.00113584
1.09079 0.00113665
1.09078 0.00110636
1.09088 0.00108203
1.09072 0.00106562
1.09062 0.0010443
1.09054 0.00102216
1.09071 0.00101193
1.09079 0.00099158
1.09066 0.000977662
1.0907 0.000956948
1.09079 0.000941068
1.09077 0.000921472
1.09065 0.00091032
1.09092 0.000930888
1.09063 0.000955416
1.09031 0.00099187
1.09031 0.000972984
1.09047 0.000967692
1.09041 0.000951849
1.09041 0.000934704
1.09044 0.000918804
1.09038 0.000904686
1.09038 0.000889232
1.09025 0.000883952
1.09023 0.00086949
1.09022 0.000855437
1.09035 0.000852094
1.09028 0.000841609
1.09047 0.000849423
1.09051 0.00083752
1.09038 0.000834709
1.09034 0.000823746
1.09063 0.00086509
1.09056 0.000855702
1.09068 0.000851338
1.09076 0.000843295
1.09053 0.000861246
1.09051 0.000849919
1.09048 0.000838922
1.09041 0.00083097
1.09046 0.000821353
1.0903 0.000825265
1.09022 0.000818666
1.0902 0.000808556
1.09021 0.000798525
1.09028 0.000791584
1.09029 0.000782074
1.0903 0.000772886
1.09045 0.000777435
1.09026 0.000791311
1.09031 0.000783795
1.0903 0.000774974
1.09034 0.000767595
1.09018 0.00077555
1.09012 0.000769476
1.09016 0.000762346
1.09007 0.000759656
1.09015 0.000755637
1.09018 0.000748229
1.09015 0.000741053
1.0901 0.000734973
1.09013 0.000727875
1.09011 0.000720791
1.09008 0.000714062
1.09012 0.000707993
1.09011 0.000701026
1.09011 0.000694215
1.09011 0.000687514
1.09009 0.000681332
1.09006 0.000675229
1.09004 0.00066928
1.09011 0.000666951
1.09009 0.000661353
1.09006 0.000655857
1.09011 0.000651474
1.09009 0.00064584
1.09008 0.00064022
1.09009 0.000634743
1.09008 0.000629326
1.09015 0.000628215
1.09023 0.000627143
1.09028 0.00062426
1.09032 0.000620287
1.09023 0.000622225
1.09036 0.000630561
1.09032 0.000626418
1.09032 0.00062131
1.09024 0.0006207
1.09014 0.00062452
1.0902 0.000622942
1.09024 0.000618907
1.09027 0.000614928
1.09027 0.00061016
1.09024 0.000606496
1.09023 0.000601879
1.09026 0.000597792
1.09028 0.00059356
1.09025 0.000589536
1.09024 0.000585411
1.09025 0.000581225
1.09026 0.000577091
1.09012 0.000588919
1.09012 0.00058467
1.09015 0.000580999
1.09014 0.000576881
1.09016 0.000573194
1.09022 0.000572508
1.09023 0.000568544
1.0903 0.000569349
1.09027 0.000566578
1.09034 0.000566893
1.09039 0.000566046
1.0904 0.000562311
1.09041 0.000558563
1.09038 0.000555496
1.09035 0.000552837
1.09031 0.000550769
1.0902 0.000556633
1.09021 0.000553114
1.09025 0.000551088
1.09027 0.000547761
1.09028 0.000544339
1.09029 0.000541118
1.0903 0.00053774
1.09031 0.00053463
1.09034 0.000532129
1.09032 0.000529121
1.09035 0.000526285
1.09034 0.000523114
1.0903 0.000521327
1.09032 0.000518572
1.09032 0.000515497
1.09031 0.000512483
1.09031 0.000509464
1.09037 0.000510436
1.09031 0.000510611
1.09034 0.000508271
1.09045 0.00051805
1.09044 0.000515347
1.09041 0.000513091
1.09047 0.000513248
1.0905 0.000511549
1.09053 0.000509726
1.09053 0.000506922
1.09052 0.00050426
1.0905 0.000501737
1.09048 0.000499433
1.09051 0.000497674
1.09049 0.000495495
1.0905 0.000493
1.09047 0.000491549
1.09048 0.00048901
1.09042 0.000489406
1.09045 0.00048743
1.09048 0.00048593
1.09044 0.000484793
1.09048 0.000484072
1.09045 0.000482709
1.09045 0.000480255
1.0905 0.000479824
1.09049 0.00047746
1.09044 0.000477304
1.09046 0.000475111
1.09039 0.000476981
1.09037 0.00047511
1.09036 0.000473003
1.09035 0.000470806
1.09034 0.000468572
1.09033 0.000466309
1.09037 0.000465622
1.09041 0.000465466
1.09044 0.000464149
1.09045 0.000461996
1.09045 0.000459794
1.09046 0.00045774
1.09043 0.00045717
1.09044 0.000455324
1.09047 0.000454296
1.09043 0.000454042
1.09042 0.000452268
1.09041 0.000450197
1.09036 0.000451107
1.09035 0.000449105
1.09041 0.000450108
1.09042 0.000448388
1.09041 0.000446612
1.09041 0.000444606
1.09042 0.000442899
1.09043 0.000440938
1.0904 0.000439627
1.09045 0.000439878
1.09043 0.000438233
1.09047 0.000437899
1.09045 0.000436227
1.09046 0.00043437
1.09047 0.000432677
1.09045 0.00043152
1.09046 0.000429911
1.09049 0.000428808
1.0905 0.000427184
1.0905 0.000425378
1.09054 0.000425382
1.09055 0.000423779
1.09056 0.000422188
1.0906 0.000421752
1.09063 0.000420966
1.09059 0.0004205
1.09063 0.000420215
1.0906 0.000419373
1.09062 0.00041803
1.09062 0.000416339
1.0906 0.00041493
1.09063 0.000414389
1.09062 0.000412804
1.09063 0.000411228
1.09066 0.000410661
1.09067 0.000409095
1.09067 0.000407483
1.09067 0.000405887
1.09067 0.000404311
1.09068 0.000402995
1.09065 0.000402755
1.0907 0.000403952
1.09071 0.00040275
1.09071 0.000401206
1.0907 0.000399941
1.09068 0.000398783
1.09069 0.000397453
1.09071 0.000396514
1.09068 0.000396321
1.09068 0.00039489
1.09069 0.000393552
1.09068 0.000392139
1.09066 0.000391146
1.09065 0.000389992
1.09065 0.000388572
1.09067 0.000387576
1.09071 0.000388613
1.09074 0.000388134
1.09071 0.000387613
1.09072 0.00038638
1.09073 0.000385132
1.09075 0.000384106
1.09076 0.000382972
1.09077 0.000381642
1.09077 0.000380295
1.09078 0.000379129
1.09077 0.000377812
1.09078 0.000376497
1.09077 0.000375314
1.09075 0.000374331
1.09076 0.000373112
1.09077 0.000371936
1.09075 0.000371147
1.09074 0.000370075
1.09071 0.000369762
1.09075 0.000370124
1.09076 0.000369342
1.09079 0.000368784
1.09075 0.000368969
1.09072 0.000369377
1.09069 0.00036904
1.09068 0.000367914
1.0907 0.000366883
1.09065 0.00036826
1.09063 0.000367972
1.09061 0.000367085
1.09064 0.000366852
1.09061 0.000366588
1.09061 0.000365397
1.09056 0.000367923
1.09059 0.000367844
1.09059 0.000366669
1.09062 0.000366459
1.0906 0.000365956
1.09061 0.000364987
1.09062 0.000363888
1.09062 0.000362738
1.09061 0.000361587
1.0906 0.000360559
1.09062 0.000359858
1.09061 0.000358851
1.0906 0.000358159
1.09061 0.000357305
1.09061 0.000356198
1.09062 0.000355423
1.0906 0.000354969
1.09058 0.000354612
1.09057 0.000353541
1.09058 0.000352474
1.09056 0.000351653
1.09057 0.000350597
1.09055 0.00034997
1.09057 0.000349281
1.09055 0.000348803
1.09056 0.000348172
1.0906 0.000349597
1.09061 0.000348678
1.09063 0.000348205
1.09061 0.000348006
1.09058 0.000348313
1.09056 0.000348059
1.09057 0.000347332
1.09057 0.000346327
1.09057 0.000345331
1.09058 0.000344393
1.09057 0.000343474
1.09056 0.000342513
1.09056 0.000341525
1.09055 0.000340642
1.09053 0.000340384
1.09057 0.000341071
1.09058 0.000340624
1.09058 0.000339793
1.09055 0.0003395
1.09051 0.00034147
1.09051 0.000340511
1.09052 0.000339683
1.09051 0.000338785
1.09052 0.000337918
1.09052 0.000337052
1.09051 0.000336429
1.09048 0.000336531
1.09047 0.000335735
1.09047 0.000334865
1.09045 0.000334334
1.09046 0.000333538
1.09048 0.000333289
1.0905 0.000332787
1.09049 0.000331948
1.09048 0.000331253
1.09047 0.000330459
1.09049 0.000330378
1.0905 0.00032954
1.09048 0.000329068
1.09046 0.000328779
1.09044 0.0003288
1.09042 0.000328438
1.09037 0.000330787
1.09039 0.000330206
1.09039 0.000329332
1.09041 0.00032959
1.09046 0.000331263
1.09046 0.00033039
1.09044 0.000329805
1.09044 0.000328977
1.09042 0.000328679
1.09044 0.000328426
1.09045 0.000327881
1.09047 0.000327457
1.09046 0.000326691
1.09046 0.000325883
1.09044 0.000325504
1.09045 0.00032484
1.09046 0.000324054
1.09045 0.000323261
1.09044 0.000322549
1.09044 0.000321798
1.09041 0.000322341
1.09042 0.000321744
1.09043 0.000321035
1.09042 0.000320294
1.09042 0.000319493
1.09043 0.000318892
1.09045 0.00031905
1.09044 0.00031853
1.09044 0.000317756
1.09045 0.000316981
1.09045 0.000316225
1.09046 0.000315496
1.09048 0.000315915
1.09048 0.000315242
1.09046 0.000314981
1.09045 0.000314233
1.09045 0.000313606
1.09044 0.000313019
1.09044 0.000312315
1.09041 0.000312712
1.09041 0.000312061
1.09041 0.000311312
1.09037 0.000312181
1.09037 0.00031145
1.09036 0.00031078
1.09036 0.00031004
1.09034 0.000310185
1.09032 0.000310362
1.09033 0.000310107
1.09033 0.000309396
1.09034 0.000308813
1.09035 0.000308344
1.09034 0.000307821
1.09034 0.000307136
1.09032 0.000306813
1.09032 0.000306115
1.09034 0.000305968
1.09034 0.000305261
1.09033 0.000304556
1.09033 0.000303882
1.09034 0.000303507
1.09035 0.000302828
1.09036 0.000302469
1.09037 0.00030182
1.09036 0.000301362
1.09034 0.000300853
1.09035 0.00030017
1.09035 0.000299493
1.09034 0.000298824
1.09034 0.000298151
1.09034 0.000297523
1.09034 0.000296867
1.09033 0.000296275
1.09034 0.000295753
1.09032 0.000296239
1.09033 0.000295829
1.09035 0.000295609
1.09036 0.000295347
1.09038 0.000295152
1.09039 0.000294792
1.09041 0.000294652
1.09042 0.000294198
1.09041 0.000293632
1.09043 0.000293704
1.09042 0.00029332
1.09042 0.000292688
1.09041 0.000292553
1.09042 0.00029245
1.09042 0.000291847
1.09039 0.000292353
1.09039 0.000291755
1.09037 0.000292073
1.09037 0.000291498
1.09035 0.000291789
1.09036 0.00029139
1.09036 0.000290771
1.09036 0.000290156
1.09037 0.000289685
1.09035 0.000289554
1.09036 0.000288994
1.09035 0.000288624
1.09033 0.000288283
1.09034 0.000287698
1.09034 0.000287143
1.09035 0.000286572
1.09034 0.00028614
1.09036 0.000286403
1.09036 0.000285825
1.09037 0.000285349
1.09036 0.000284777
1.09034 0.000285423
1.09032 0.000285205
1.09033 0.000284697
1.09033 0.000284115
1.09032 0.000283758
1.09031 0.000283215
1.09031 0.000282665
1.09031 0.000282108
1.09028 0.000282828
1.09029 0.000282367
1.09028 0.00028181
1.09027 0.000281433
1.09027 0.000280867
1.09026 0.00028043
1.09027 0.000279875
1.09027 0.000279315
