Bins: 120
Nblocks: 500
0 0
0 0
0 0
0 0
0 0
0 0
0 0
0 0
0 0
0 0
0 0
0 0
0 0
0 0
0 0
0 0
0 0
0 0
0 0
0 0
0 0
0 0
0 0
0 0
0 0
0 0
0 0
0 0
0 0
0 0
0 0
0 0
0 0
0 0
0 0
0 0
0 0
0 0
0 0
0 0
0 0
2.79142e-05 3.84862e-06
0.00112351 2.65145e-05
0.0146496 0.000108333
0.0886139 0.000265501
0.308535 0.000482592
0.720814 0.000736498
1.26451 0.00109058
1.8086 0.00130622
2.23323 0.00149856
2.48913 0.00158407
2.57804 0.00148718
2.53769 0.00145503
2.41799 0.0013325
2.25234 0.00132675
2.0655 0.00123587
1.88158 0.00117144
1.70923 0.00121215
1.55226 0.00118092
1.41192 0.00112242
1.2895 0.00110344
1.18409 0.00103571
1.09172 0.000951026
1.01367 0.000875072
0.945406 0.000851739
0.887489 0.000845326
0.838843 0.00078914
0.797644 0.000749267
0.763034 0.000712891
0.736074 0.000681773
0.715492 0.00068967
0.697518 0.000653091
0.684738 0.000648391
0.67622 0.000635966
0.671303 0.000617745
0.670998 0.000573932
0.674324 0.000591342
0.681058 0.000593384
0.691352 0.000604551
0.705236 0.000600243
0.72282 0.000583496
0.743126 0.000598121
0.767393 0.000592508
0.793974 0.000566837
0.823095 0.000575213
0.854165 0.000645988
0.88726 0.000660697
0.921182 0.000649847
0.954503 0.000667593
0.989164 0.000679713
1.02286 0.000700012
1.05369 0.000675033
1.08405 0.000649577
1.11387 0.000606251
1.14014 0.000633339
1.16407 0.000607963
1.18506 0.000576223
1.20135 0.000587676
1.21154 0.000614987
1.21631 0.000620851
1.21585 0.000584513
1.20873 0.00060089
1.1978 0.000607242
1.1831 0.000593437
1.16479 0.000624609
1.14382 0.000592353
1.12104 0.000602876
1.09694 0.0006075
1.07254 0.000583775
1.04947 0.00056224
1.02632 0.000563167
1.00582 0.000562593
0.985612 0.00054921
0.966694 0.000503927
0.950456 0.000496874
0.935954 0.000495861
0.922664 0.000501054
0.912176 0.000473957
0.904258 0.000462007
0.89792 0.000449478
