Bins: 120
Nblocks: 500
0 0
0 0
0 0
0 0
0 0
0 0
0 0
0 0
0 0
0 0
0 0
0 0
0 0
0 0
0 0
0 0
0 0
0 0
0 0
0 0
2.52023e-05 9.63707e-06
0.00622876 0.000204609
0.129972 0.00112627
0.634601 0.003085
1.39156 0.00574453
1.95365 0.00852273
2.18743 0.0110575
2.17358 0.0113892
2.05145 0.00988293
1.9018 0.00852995
1.75338 0.00762206
1.61645 0.00680664
1.50603 0.00623907
1.408 0.00566364
1.33565 0.00523712
1.2768 0.00490512
1.2319 0.00463622
1.19144 0.00448354
1.15787 0.00433271
1.13287 0.00389094
1.11257 0.00375004
1.093 0.00376254
1.08067 0.00363249
1.0714 0.00343645
1.06468 0.00342697
1.06024 0.00329049
1.05731 0.00321617
1.05038 0.00310636
1.04931 0.00303639
1.04936 0.0030309
1.04884 0.00293073
1.04627 0.00289449
1.04452 0.00284615
1.04232 0.00285171
1.03942 0.00287508
1.03624 0.00287154
1.03662 0.00272661
1.02878 0.00271963
1.02594 0.00277624
1.02214 0.00263029
1.01575 0.00245084
1.01672 0.00252256
1.01611 0.00232398
1.01263 0.00227268
1.0116 0.00228548
1.00871 0.00223168
1.00728 0.00215911
1.00533 0.00216899
1.00131 0.00220425
1.00106 0.00215574
1.00017 0.0021165
0.997629 0.00204873
0.997792 0.00197591
0.995873 0.00204563
0.99617 0.00194661
0.995117 0.00186234
0.996025 0.00188273
0.994937 0.00182769
0.993216 0.00185438
0.994291 0.00174476
0.996519 0.00177847
0.994325 0.00170412
0.994889 0.00177725
0.993957 0.00166026
0.992019 0.00164343
0.993262 0.00163425
0.991279 0.00169028
0.992043 0.00164241
0.993051 0.00163493
0.990977 0.0015012
0.990993 0.00147702
0.990999 0.00150388
0.990665 0.00152174
0.988923 0.0014913
0.989347 0.00146932
0.988778 0.00140595
0.987572 0.00145284
0.987492 0.00141281
0.988408 0.00139503
0.987801 0.00130808
0.988133 0.00134141
0.987658 0.00135849
0.988085 0.00139647
0.988454 0.00139386
0.988932 0.00136101
0.987802 0.00129526
0.98821 0.0013098
0.987102 0.00128797
0.98802 0.0013053
0.986872 0.00127934
0.988044 0.00125265
0.988506 0.00122134
0.988215 0.00117369
0.988623 0.00119242
0.986448 0.00122458
0.986756 0.00119276
0.98805 0.00117853
0.988924 0.001139
0.987661 0.00112056
0.986487 0.00111277
