-0.358406 0     0.0514126 0
-0.379666 0.0212608     0.0518399 0.000427371
-0.389588 0.0157831     0.0517152 0.000276454
-0.386328 0.0116266     0.0516287 0.000213784
-0.379494 0.0113054     0.0515415 0.000187143
-0.383967 0.0102575     0.0511331 0.000436112
-0.3804 0.00937437     0.0510953 0.000370505
-0.379918 0.00813274     0.0510723 0.00032169
-0.378598 0.00729285     0.0509352 0.000315111
-0.378346 0.00652779     0.0507695 0.000326955
-0.382297 0.00710462     0.0509393 0.000341018
-0.38178 0.0065062     0.0509892 0.000315289
-0.381374 0.00599857     0.0509437 0.000293585
-0.383738 0.00603579     0.0510404 0.000288511
-0.384431 0.00566159     0.0510581 0.000269175
-0.385496 0.00540192     0.0510991 0.000255092
-0.387471 0.00544525     0.0511548 0.000246012
-0.390718 0.00607439     0.0512804 0.000263777
-0.393415 0.00634721     0.0512505 0.000251291
-0.392213 0.00614019     0.0512693 0.000239133
-0.390826 0.00600294     0.0512972 0.000229168
-0.391331 0.00574579     0.0513241 0.000220152
-0.39277 0.00567563     0.0513158 0.000210526
-0.396585 0.00663983     0.0513268 0.000201861
-0.397854 0.00649385     0.0512864 0.000197783
-0.398755 0.00630379     0.0512787 0.000190179
-0.40053 0.00632009     0.0512488 0.000185437
-0.401352 0.00614552     0.0512899 0.000183353
-0.402382 0.00601849     0.0513032 0.000177423
-0.403 0.00584719     0.0512604 0.000176673
-0.40343 0.00567177     0.051245 0.000171578
-0.402727 0.00553645     0.051294 0.000173229
-0.40256 0.00536867     0.0512036 0.000190719
-0.403474 0.00528803     0.0512229 0.000186026
-0.402697 0.00519321     0.0512488 0.00018249
-0.403048 0.00505911     0.051223 0.000179219
-0.402979 0.00492096     0.0512226 0.000174308
-0.403144 0.00479256     0.0511955 0.000171822
-0.402774 0.00468271     0.0511841 0.000167746
-0.401353 0.00478023     0.0511441 0.00016832
-0.402144 0.0047288     0.051156 0.0001646
-0.403315 0.00476122     0.0511804 0.00016247
-0.402861 0.00467136     0.0511867 0.000158771
-0.403748 0.00464937     0.051191 0.000155181
-0.404744 0.00465271     0.0512008 0.000152008
-0.404789 0.00455066     0.0512002 0.000148668
-0.403768 0.00456831     0.0511837 0.000146401
-0.403916 0.0044746     0.0512092 0.000145563
-0.404434 0.00441281     0.0512098 0.000142562
-0.404283 0.00432629     0.0512281 0.000140881
-0.404419 0.00424277     0.0512255 0.000138116
-0.405097 0.00421534     0.0512452 0.000136861
-0.40522 0.00413685     0.0512533 0.000134497
-0.405167 0.00405986     0.0512254 0.000134904
-0.405493 0.00399867     0.0512182 0.000132619
-0.404974 0.00396073     0.051185 0.000134406
-0.404139 0.00397922     0.0511834 0.000132037
-0.403643 0.00394135     0.0511796 0.000129795
-0.402933 0.00393841     0.0511804 0.000127578
-0.402173 0.00394615     0.0511625 0.0001267
-0.402285 0.00388252     0.0511813 0.000126009
-0.402149 0.00382179     0.0511823 0.000123964
-0.401264 0.00386358     0.0511891 0.000122169
-0.400533 0.0038722     0.0511742 0.000121164
-0.400566 0.0038123     0.0511692 0.00011939
-0.401033 0.00378309     0.0511696 0.000117568
-0.40183 0.0038105     0.0511878 0.000117218
-0.402607 0.00383346     0.051213 0.000118215
-0.402972 0.00379509     0.0511964 0.000117667
-0.403888 0.00385113     0.0511599 0.000121592
-0.403903 0.00379653     0.051167 0.000120076
-0.404302 0.00376468     0.0511633 0.000118453
-0.404558 0.00372152     0.0511756 0.000117464
-0.404678 0.00367285     0.0511718 0.000115928
-0.404795 0.00362545     0.0511763 0.00011446
-0.404908 0.00357921     0.0511703 0.000113107
-0.405074 0.00353629     0.0511832 0.000112379
-0.404874 0.00349637     0.0511876 0.000111016
-0.404677 0.00345744     0.0511875 0.000109602
-0.404141 0.00345573     0.051181 0.000108421
-0.404075 0.00341343     0.0511918 0.00010762
-0.404093 0.00337159     0.0512134 0.000108468
-0.40444 0.00334875     0.0512026 0.000107697
-0.405165 0.00338711     0.0512359 0.000111492
-0.405123 0.00334729     0.0512316 0.000110257
-0.405561 0.00333705     0.051238 0.000109156
-0.40562 0.003299     0.0512467 0.000108248
-0.405531 0.00326253     0.0512295 0.000108389
-0.405456 0.00322653     0.0512144 0.000108218
-0.405902 0.00322155     0.0512036 0.000107559
-0.405732 0.00319049     0.0511994 0.000106453
-0.405379 0.00317538     0.051204 0.00010539
-0.405188 0.00314681     0.0511892 0.000105299
-0.404717 0.00314861     0.0511767 0.000104921
-0.404306 0.00314235     0.0511625 0.00010477
-0.404493 0.00311509     0.0511609 0.000103685
-0.40457 0.00308377     0.051159 0.000102629
-0.404582 0.00305216     0.0511533 0.000101738
-0.404462 0.00302357     0.0511569 0.00010077
-0.40402 0.00302554     0.0511466 0.000100288
-0.404028 0.00299545     0.0511555 9.96862e-05
-0.403709 0.00298303     0.0511576 9.87267e-05
-0.403965 0.00296504     0.0511668 9.81949e-05
-0.403752 0.00294414     0.05117 9.73003e-05
-0.404003 0.00292678     0.0511648 9.65109e-05
-0.404268 0.00291114     0.0511559 9.60123e-05
-0.404519 0.00289469     0.0511575 9.51257e-05
-0.404467 0.00286824     0.0511572 9.42414e-05
-0.404058 0.00287105     0.05116 9.34135e-05
-0.403871 0.00285099     0.0511777 9.42505e-05
-0.403777 0.00282672     0.0511849 9.3675e-05
-0.404265 0.00284341     0.0511885 9.29034e-05
-0.404897 0.00288826     0.0512067 9.38625e-05
-0.405222 0.00288118     0.0512144 9.33532e-05
-0.405062 0.00286049     0.0512125 9.25578e-05
-0.404853 0.00284341     0.0512074 9.18989e-05
-0.404442 0.00284882     0.0512058 9.11239e-05
-0.404536 0.00282613     0.0512093 9.04156e-05
-0.404631 0.00280389     0.0512182 9.00957e-05
-0.404526 0.00278241     0.0512192 8.93477e-05
-0.404502 0.00275942     0.0512131 8.88203e-05
-0.404481 0.00273679     0.051211 8.81131e-05
-0.404943 0.00275349     0.0512042 8.76572e-05
-0.405259 0.00274939     0.0512187 8.81385e-05
-0.405195 0.00272806     0.05121 8.7856e-05
-0.404954 0.00271703     0.0512081 8.71769e-05
-0.404767 0.00270203     0.0512005 8.68257e-05
-0.404908 0.00268451     0.0512121 8.69195e-05
-0.404909 0.00266362     0.0512147 8.6285e-05
-0.404862 0.00264347     0.0512097 8.5769e-05
-0.404985 0.00262611     0.0512118 8.51371e-05
-0.404853 0.00260951     0.0512208 8.49736e-05
-0.404882 0.00258999     0.0512203 8.43337e-05
-0.404662 0.00258     0.0512231 8.37482e-05
-0.404901 0.00257194     0.0512296 8.33752e-05
-0.404709 0.00256019     0.0512242 8.29353e-05
-0.404561 0.00254571     0.0512085 8.38135e-05
-0.404413 0.00253157     0.0512035 8.33509e-05
-0.40447 0.00251396     0.0512035 8.27491e-05
-0.404423 0.00249639     0.0512168 8.32181e-05
-0.404326 0.00248052     0.0512083 8.3057e-05
-0.404472 0.00246732     0.0512084 8.247e-05
-0.404719 0.00246243     0.0512178 8.24189e-05
-0.404675 0.00244566     0.0512098 8.22326e-05
-0.404475 0.00243699     0.0512047 8.18207e-05
-0.404359 0.00242303     0.05121 8.143e-05
-0.404265 0.0024083     0.0511981 8.17429e-05
-0.404155 0.00239451     0.0511903 8.15603e-05
-0.40403 0.00238167     0.0511829 8.13468e-05
-0.404151 0.00236883     0.0511856 8.08463e-05
-0.403865 0.00237047     0.0511786 8.06149e-05
-0.403534 0.00237798     0.0511622 8.17333e-05
-0.403424 0.0023649     0.0511654 8.12601e-05
-0.403303 0.00235265     0.0511627 8.07776e-05
-0.403142 0.0023429     0.051172 8.07966e-05
-0.403188 0.00232828     0.0511647 8.06096e-05
-0.403189 0.0023134     0.051167 8.0127e-05
-0.403269 0.00230009     0.0511723 7.97922e-05
-0.403257 0.00228561     0.0511644 7.96737e-05
-0.403086 0.00227769     0.051161 7.92492e-05
-0.403191 0.00226594     0.0511539 7.90757e-05
-0.403134 0.00225263     0.0511591 7.87574e-05
-0.402778 0.00226684     0.0511499 7.88115e-05
-0.402508 0.00226915     0.0511515 7.83456e-05
-0.402407 0.0022576     0.0511526 7.78772e-05
-0.402426 0.00224405     0.0511489 7.74946e-05
-0.402365 0.00223141     0.0511493 7.70302e-05
-0.402684 0.00224089     0.0511607 7.74243e-05
-0.402956 0.00224409     0.0511762 7.85036e-05
-0.403015 0.00223165     0.0511819 7.82483e-05
-0.402973 0.00221897     0.0511843 7.78273e-05
-0.402835 0.00221034     0.0511881 7.74642e-05
-0.402727 0.00220018     0.0511854 7.70628e-05
-0.402536 0.00219577     0.0511828 7.6661e-05
-0.40258 0.00218362     0.0511758 7.65411e-05
-0.402488 0.00217313     0.0511658 7.67695e-05
-0.402434 0.00216149     0.0511594 7.65972e-05
-0.40272 0.00216826     0.0511624 7.62243e-05
-0.403047 0.00218078     0.0511737 7.66291e-05
-0.403088 0.00216901     0.0511755 7.6223e-05
-0.40332 0.00216944     0.0511771 7.58195e-05
-0.403416 0.00215963     0.0511789 7.54219e-05
-0.403568 0.00215319     0.0511805 7.5027e-05
-0.403658 0.00214333     0.0511807 7.46183e-05
-0.403818 0.00213771     0.0511881 7.45819e-05
-0.403997 0.00213375     0.0511837 7.43098e-05
-0.403798 0.00213164     0.0511855 7.39322e-05
-0.403676 0.00212378     0.0511784 7.38776e-05
-0.403738 0.00211343     0.0511708 7.38742e-05
-0.403964 0.00211433     0.051181 7.41772e-05
-0.404178 0.00211417     0.0511886 7.4185e-05
-0.404321 0.00210794     0.0511979 7.43829e-05
-0.404578 0.00211276     0.0511968 7.40056e-05
-0.404606 0.00210202     0.0512005 7.37191e-05
-0.404596 0.00209124     0.0512017 7.33497e-05
-0.404508 0.00208241     0.0511931 7.34815e-05
-0.404527 0.0020719     0.0511984 7.32952e-05
-0.404542 0.00206147     0.051197 7.29369e-05
-0.404408 0.00205541     0.0511897 7.29347e-05
-0.404324 0.00204685     0.0511843 7.27662e-05
-0.404166 0.00204277     0.0511797 7.25536e-05
-0.403944 0.00204475     0.0511836 7.23009e-05
-0.40404 0.00203694     0.0511869 7.20171e-05
-0.404193 0.00203269     0.0511853 7.16792e-05
-0.404325 0.00202703     0.051194 7.18506e-05
-0.404104 0.00202921     0.0511922 7.15228e-05
-0.404027 0.00202087     0.0511866 7.13956e-05
-0.403982 0.00201161     0.051189 7.10922e-05
-0.404002 0.00200206     0.0511827 7.10352e-05
-0.40405 0.00199309     0.0511884 7.0923e-05
-0.403843 0.00199444     0.0511868 7.06024e-05
-0.403793 0.00198564     0.0511879 7.0276e-05
-0.403736 0.00197713     0.051183 7.01134e-05
-0.403694 0.0019683     0.0511888 7.00218e-05
-0.403809 0.00196248     0.0511904 6.97146e-05
-0.403829 0.00195347     0.051192 6.94087e-05
-0.403971 0.00194966     0.0511893 6.91397e-05
-0.404007 0.00194103     0.0511959 6.91369e-05
-0.404105 0.00193461     0.0512019 6.90803e-05
-0.404097 0.00192582     0.0512047 6.88239e-05
-0.404346 0.00193311     0.051208 6.85928e-05
-0.404191 0.00193057     0.0512142 6.85634e-05
-0.403968 0.0019348     0.0512022 6.93051e-05
-0.403904 0.00192723     0.0512084 6.92727e-05
-0.403882 0.00191877     0.0512157 6.93447e-05
-0.403949 0.00191144     0.0512122 6.91239e-05
-0.403898 0.00190368     0.0512171 6.89952e-05
-0.403838 0.00189627     0.0512173 6.86921e-05
-0.404041 0.00189883     0.0512221 6.85593e-05
-0.404218 0.00189882     0.0512357 6.95968e-05
-0.404346 0.0018949     0.0512434 6.97308e-05
-0.404317 0.00188695     0.0512448 6.94428e-05
-0.404274 0.00187932     0.051239 6.93876e-05
-0.404197 0.00187286     0.051237 6.91204e-05
-0.404245 0.00186549     0.0512389 6.88523e-05
-0.404145 0.00186025     0.0512302 6.91112e-05
-0.403892 0.00186949     0.0512272 6.88834e-05
-0.403787 0.00186457     0.0512282 6.8601e-05
-0.403893 0.00185974     0.0512294 6.83244e-05
-0.403942 0.00185264     0.0512343 6.82138e-05
-0.403961 0.00184503     0.0512335 6.79353e-05
-0.403927 0.00183769     0.0512324 6.76623e-05
-0.403784 0.00183571     0.0512237 6.79389e-05
-0.40385 0.00182936     0.0512228 6.7667e-05
-0.403878 0.00182209     0.0512215 6.74026e-05
-0.403899 0.00181479     0.0512238 6.7169e-05
-0.403905 0.00180744     0.0512205 6.69787e-05
-0.403822 0.00180206     0.0512147 6.69576e-05
-0.403711 0.00179825     0.0512152 6.66896e-05
-0.403682 0.00179127     0.0512121 6.64923e-05
-0.403662 0.00178423     0.0512072 6.64115e-05
-0.403584 0.00177884     0.0511989 6.66597e-05
-0.40346 0.00177612     0.0511948 6.65261e-05
-0.403481 0.00176923     0.0511873 6.66788e-05
-0.403633 0.00176888     0.0511901 6.64761e-05
-0.403765 0.0017669     0.0511885 6.62364e-05
-0.403848 0.00176195     0.0511965 6.64568e-05
-0.403809 0.00175555     0.0511918 6.63641e-05
-0.403775 0.00174908     0.0511863 6.633e-05
-0.403785 0.00174237     0.0511918 6.62963e-05
-0.403798 0.00173573     0.051196 6.61788e-05
-0.403724 0.00173067     0.0511994 6.60121e-05
-0.403489 0.00173999     0.0511974 6.57903e-05
-0.403249 0.00174993     0.0511899 6.59669e-05
-0.403075 0.00175204     0.0511883 6.57386e-05
-0.403055 0.00174555     0.051185 6.55734e-05
-0.402949 0.00174222     0.0511783 6.56651e-05
-0.402871 0.00173746     0.0511746 6.5523e-05
-0.402904 0.00173131     0.0511739 6.52833e-05
-0.40297 0.00172616     0.0511742 6.50416e-05
-0.40294 0.00172004     0.0511725 6.48228e-05
-0.402803 0.00171922     0.0511649 6.50238e-05
-0.402797 0.00171292     0.0511603 6.49508e-05
-0.402568 0.00172192     0.0511575 6.47736e-05
-0.402467 0.00171862     0.0511575 6.45377e-05
-0.402369 0.00171517     0.051156 6.4321e-05
-0.402427 0.00170994     0.0511582 6.41272e-05
-0.402593 0.00171179     0.0511537 6.40519e-05
-0.402584 0.00170566     0.0511459 6.42996e-05
-0.402639 0.00170044     0.0511479 6.4102e-05
-0.402672 0.0016947     0.0511492 6.38863e-05
-0.402685 0.00168873     0.0511482 6.36667e-05
-0.402582 0.00168591     0.0511473 6.34484e-05
-0.402481 0.00168297     0.0511457 6.32452e-05
-0.402414 0.0016784     0.0511436 6.30567e-05
-0.402378 0.00167291     0.0511444 6.28413e-05
-0.402401 0.00166724     0.051143 6.26388e-05
-0.402557 0.0016687     0.0511452 6.24613e-05
-0.402789 0.001679     0.0511527 6.26927e-05
-0.402832 0.00167378     0.0511572 6.2634e-05
-0.402805 0.00166824     0.0511577 6.24203e-05
-0.402857 0.00166334     0.0511571 6.22087e-05
-0.40286 0.00165765     0.0511591 6.20295e-05
-0.402753 0.00165546     0.0511551 6.1952e-05
-0.402607 0.00165627     0.0511474 6.222e-05
-0.402527 0.00165263     0.0511459 6.20258e-05
-0.402397 0.0016522     0.051144 6.18473e-05
-0.402283 0.00165053     0.0511451 6.16492e-05
-0.402216 0.00164636     0.0511416 6.15413e-05
-0.402216 0.00164087     0.0511423 6.134e-05
-0.402227 0.00163544     0.0511412 6.11459e-05
-0.402199 0.00163025     0.0511432 6.0976e-05
-0.402128 0.00162641     0.0511441 6.07817e-05
-0.402022 0.00162453     0.0511455 6.05961e-05
-0.401891 0.00162449     0.0511396 6.06842e-05
-0.401798 0.00162184     0.0511386 6.04938e-05
-0.401835 0.00161699     0.0511421 6.03956e-05
-0.401883 0.00161243     0.0511375 6.03722e-05
-0.401726 0.00161481     0.051137 6.01783e-05
-0.401673 0.00161047     0.0511366 5.99853e-05
-0.401612 0.00160644     0.0511295 6.02138e-05
-0.40152 0.00160397     0.0511332 6.01365e-05
-0.401505 0.0015989     0.0511293 6.00708e-05
-0.401406 0.00159686     0.0511306 5.9892e-05
-0.401341 0.0015931     0.0511304 5.97018e-05
-0.401283 0.00158912     0.0511281 5.95569e-05
-0.401329 0.00158476     0.0511256 5.94207e-05
-0.40133 0.00157977     0.0511235 5.92732e-05
-0.401286 0.00157542     0.0511154 5.96313e-05
-0.401146 0.00157676     0.051115 5.94465e-05
-0.401102 0.00157247     0.0511161 5.9272e-05
-0.401184 0.00156973     0.0511182 5.91255e-05
-0.401114 0.0015664     0.0511166 5.89653e-05
-0.401081 0.00156191     0.0511202 5.88931e-05
-0.401063 0.0015572     0.0511195 5.87157e-05
-0.400941 0.00155722     0.0511188 5.85388e-05
-0.400912 0.00155272     0.0511168 5.83936e-05
-0.40089 0.00154813     0.0511171 5.82161e-05
-0.400831 0.00154455     0.0511142 5.81161e-05
-0.40075 0.00154203     0.0511115 5.80024e-05
-0.400725 0.00153755     0.0511148 5.79252e-05
-0.400832 0.0015366     0.0511137 5.77619e-05
-0.400843 0.00153201     0.0511124 5.76026e-05
-0.400829 0.00152748     0.0511104 5.74647e-05
-0.400847 0.00152302     0.0511121 5.73191e-05
-0.40083 0.00151857     0.0511174 5.73937e-05
-0.400877 0.00151478     0.0511183 5.72293e-05
-0.400859 0.0015104     0.0511182 5.70598e-05
-0.400834 0.00150615     0.0511149 5.69855e-05
-0.400835 0.00150171     0.0511146 5.68186e-05
-0.400809 0.00149753     0.0511164 5.66814e-05
-0.400858 0.00149395     0.0511153 5.65261e-05
-0.400718 0.00149613     0.0511121 5.64553e-05
-0.40067 0.00149255     0.0511136 5.63114e-05
-0.400552 0.00149286     0.0511114 5.61905e-05
-0.400446 0.0014923     0.0511106 5.60342e-05
-0.400513 0.0014895     0.0511125 5.59052e-05
-0.400649 0.00149142     0.0511125 5.57443e-05
-0.400679 0.00148745     0.0511113 5.55964e-05
-0.400686 0.00148321     0.0511102 5.54497e-05
-0.400646 0.00147954     0.0511112 5.53018e-05
-0.400599 0.00147607     0.0511096 5.51691e-05
-0.400423 0.00148234     0.0511094 5.5013e-05
-0.400409 0.00147821     0.0511141 5.50635e-05
-0.400457 0.00147485     0.051118 5.50477e-05
-0.400513 0.00147174     0.0511193 5.49079e-05
-0.400567 0.0014686     0.0511198 5.47558e-05
-0.40056 0.00146451     0.0511219 5.46425e-05
-0.400556 0.00146043     0.0511214 5.44922e-05
-0.400586 0.00145668     0.0511213 5.43408e-05
-0.400515 0.00145436     0.0511212 5.419e-05
-0.400441 0.00145223     0.051121 5.40405e-05
-0.400544 0.00145186     0.0511267 5.41913e-05
-0.40056 0.00144796     0.0511295 5.41105e-05
-0.400554 0.001444     0.051128 5.39806e-05
-0.400619 0.00144151     0.0511292 5.38459e-05
-0.400674 0.00143864     0.0511274 5.3731e-05
-0.40059 0.00143718     0.0511283 5.35932e-05
-0.400538 0.00143424     0.051129 5.34521e-05
-0.400585 0.00143114     0.0511282 5.33138e-05
-0.400588 0.00142728     0.0511246 5.32914e-05
-0.400682 0.00142654     0.051124 5.31511e-05
-0.400704 0.00142288     0.0511264 5.30632e-05
-0.400704 0.00141907     0.0511274 5.29302e-05
-0.4006 0.00141911     0.0511258 5.28133e-05
-0.40047 0.00142128     0.0511254 5.26743e-05
-0.400476 0.00141752     0.0511277 5.25844e-05
-0.40051 0.00141416     0.0511308 5.25386e-05
-0.400418 0.00141344     0.0511279 5.24823e-05
-0.400385 0.00141008     0.0511279 5.2344e-05
-0.40045 0.00140787     0.0511337 5.25312e-05
-0.400508 0.00140536     0.0511319 5.24258e-05
-0.400517 0.00140172     0.0511317 5.22889e-05
-0.400566 0.00139891     0.0511352 5.22725e-05
-0.400665 0.0013988     0.0511339 5.21527e-05
-0.400805 0.0014022     0.0511344 5.20191e-05
-0.400879 0.00140053     0.0511362 5.19188e-05
-0.400872 0.00139694     0.0511355 5.17906e-05
-0.400884 0.0013934     0.0511369 5.16774e-05
-0.400831 0.00139085     0.0511372 5.15454e-05
-0.400765 0.00138886     0.0511339 5.15152e-05
-0.400882 0.00139028     0.0511327 5.13977e-05
-0.400782 0.00139039     0.0511289 5.14103e-05
-0.400844 0.00138825     0.0511319 5.13692e-05
-0.40092 0.00138683     0.0511315 5.12408e-05
-0.400834 0.00138599     0.0511297 5.11425e-05
-0.400854 0.00138263     0.0511327 5.11042e-05
-0.400762 0.00138221     0.0511317 5.0986e-05
-0.400686 0.00138081     0.0511288 5.09423e-05
-0.400647 0.00137791     0.0511283 5.08167e-05
-0.400619 0.00137475     0.0511271 5.07045e-05
-0.400613 0.00137134     0.0511275 5.05799e-05
-0.400616 0.00136794     0.0511241 5.05707e-05
-0.40057 0.00136533     0.0511248 5.045e-05
-0.400627 0.00136314     0.051123 5.0357e-05
-0.400612 0.00135986     0.0511205 5.0297e-05
-0.400561 0.00135747     0.0511211 5.01775e-05
-0.400534 0.00135441     0.0511197 5.00744e-05
-0.400663 0.00135724     0.05112 4.99524e-05
-0.400762 0.00135749     0.0511172 4.99069e-05
-0.400881 0.00135946     0.0511222 5.00336e-05
-0.400839 0.00135683     0.0511214 4.9918e-05
-0.40083 0.00135356     0.0511215 4.97971e-05
-0.400813 0.0013504     0.0511213 4.9677e-05
-0.400784 0.00134745     0.0511214 4.95573e-05
-0.400774 0.00134424     0.0511218 4.94394e-05
-0.400764 0.00134106     0.0511196 4.93713e-05
-0.40078 0.00133795     0.0511158 4.93979e-05
-0.400859 0.00133709     0.0511153 4.92818e-05
-0.400913 0.00133499     0.0511189 4.92939e-05
-0.401044 0.00133826     0.0511259 4.96767e-05
-0.401045 0.00133509     0.051127 4.95708e-05
-0.401045 0.00133193     0.051128 4.94622e-05
-0.400969 0.00133096     0.0511293 4.93629e-05
-0.400998 0.00132814     0.0511316 4.92993e-05
-0.401097 0.00132874     0.0511341 4.92484e-05
-0.401131 0.00132605     0.0511352 4.91447e-05
-0.401162 0.00132333     0.0511335 4.90583e-05
-0.401187 0.00132046     0.0511335 4.89438e-05
-0.401221 0.00131784     0.0511362 4.89073e-05
-0.401215 0.00131479     0.0511385 4.88467e-05
-0.401163 0.00131277     0.0511404 4.87704e-05
-0.401147 0.00130984     0.0511401 4.86586e-05
-0.401199 0.00130783     0.0511389 4.85621e-05
-0.401191 0.00130485     0.0511378 4.84606e-05
-0.401065 0.00130787     0.0511353 4.84157e-05
-0.400998 0.00130663     0.0511342 4.8317e-05
-0.400926 0.00130563     0.0511311 4.83085e-05
-0.400962 0.00130315     0.051131 4.81986e-05
-0.400967 0.00130019     0.051129 4.8127e-05
-0.401014 0.00129808     0.0511276 4.80398e-05
-0.401078 0.00129672     0.0511257 4.79666e-05
-0.401061 0.00129389     0.0511251 4.78627e-05
-0.400979 0.00129357     0.0511264 4.77727e-05
-0.400993 0.00129073     0.0511235 4.77514e-05
-0.401013 0.00128799     0.051124 4.76463e-05
-0.401054 0.00128577     0.051124 4.75397e-05
-0.401026 0.00128321     0.0511268 4.75141e-05
-0.401041 0.00128043     0.0511272 4.74099e-05
-0.401052 0.00127764     0.0511258 4.73261e-05
-0.400986 0.00127652     0.0511245 4.72375e-05
-0.400811 0.00128565     0.0511207 4.72881e-05
-0.400788 0.00128301     0.0511209 4.71842e-05
-0.400759 0.00128051     0.0511218 4.70887e-05
-0.400795 0.00127819     0.0511252 4.71021e-05
-0.400858 0.00127695     0.0511219 4.71102e-05
-0.400913 0.00127534     0.0511254 4.71332e-05
-0.400926 0.00127262     0.0511262 4.70372e-05
-0.400888 0.00127042     0.0511241 4.69815e-05
-0.400944 0.0012689     0.051122 4.69248e-05
-0.400974 0.00126649     0.0511223 4.68235e-05
-0.400984 0.00126379     0.0511235 4.67382e-05
-0.400977 0.00126107     0.0511238 4.66379e-05
-0.400945 0.00125878     0.051123 4.65441e-05
-0.400983 0.00125667     0.0511255 4.65137e-05
-0.400977 0.00125398     0.0511226 4.65029e-05
-0.401088 0.00125627     0.0511271 4.66214e-05
-0.401086 0.00125358     0.0511248 4.65816e-05
-0.401078 0.00125093     0.0511238 4.64915e-05
-0.401056 0.00124846     0.0511238 4.63925e-05
-0.401073 0.00124593     0.0511208 4.63884e-05
-0.401062 0.00124333     0.0511191 4.63229e-05
-0.401037 0.00124097     0.0511207 4.62519e-05
-0.400996 0.00123901     0.0511236 4.62453e-05
-0.401049 0.00123752     0.0511277 4.63336e-05
-0.401095 0.00123579     0.0511278 4.62363e-05
-0.401153 0.00123454     0.051127 4.61465e-05
-0.401186 0.00123239     0.0511288 4.60865e-05
-0.401187 0.00122982     0.0511271 4.60235e-05
-0.401211 0.00122749     0.0511287 4.59552e-05
-0.4012 0.00122499     0.0511266 4.59081e-05
-0.401174 0.00122272     0.0511254 4.58284e-05
-0.40109 0.00122307     0.0511253 4.57334e-05
-0.401129 0.00122117     0.0511259 4.56419e-05
-0.401197 0.00122051     0.0511261 4.55481e-05
-0.401275 0.00122051     0.051127 4.54641e-05
-0.401409 0.00122539     0.0511277 4.53764e-05
-0.40137 0.0012235     0.0511286 4.52909e-05
-0.401363 0.00122102     0.0511308 4.52542e-05
-0.401365 0.00121852     0.0511266 4.53528e-05
-0.401371 0.00121606     0.0511271 4.52624e-05
-0.401433 0.00121516     0.0511268 4.51711e-05
-0.401405 0.00121301     0.0511267 4.50794e-05
-0.401418 0.00121062     0.0511295 4.50707e-05
-0.401411 0.00120819     0.0511298 4.49808e-05
-0.401428 0.00120587     0.0511286 4.49054e-05
-0.401474 0.00120432     0.0511307 4.48611e-05
-0.401597 0.00120819     0.0511297 4.4781e-05
-0.401554 0.00120652     0.0511279 4.47299e-05
-0.401509 0.00120495     0.0511292 4.46596e-05
