-0.413349
-0.421351
-0.372641
-0.396155
-0.378867
-0.423055
-0.411445
-0.342953
-0.378373
-0.404003
-0.373806
-0.372689
-0.382723
-0.39999
-0.410775
-0.376874
-0.429476
-0.44911
-0.404703
-0.461998
-0.427755
-0.427412
-0.45263
-0.498441
-0.472514
-0.437845
-0.437724
-0.455393
-0.430933
-0.42642
-0.428672
-0.391421
-0.398809
-0.405434
-0.366025
-0.415085
-0.364952
-0.391253
-0.418821
-0.403699
-0.405977
-0.392365
-0.372092
-0.386584
-0.402596
-0.317794
-0.334319
-0.34061
-0.356774
-0.3272
-0.359898
-0.37957
-0.378514
-0.405472
-0.352383
-0.417874
-0.429466
-0.424433
-0.432911
-0.398491
-0.418132
-0.448876
-0.439473
-0.44951
-0.433155
-0.37595
-0.45074
-0.450509
-0.45055
-0.453417
-0.441122
-0.425127
-0.43042
-0.431714
-0.431348
-0.420166
-0.413278
-0.414801
-0.441689
-0.439846
-0.396509
-0.427542
-0.422303
-0.436457
-0.436912
-0.405079
-0.40976
-0.43871
-0.446687
-0.4303
-0.444236
-0.457767
-0.448067
-0.438681
-0.475406
-0.477804
-0.50373
-0.506796
-0.436383
-0.501018
-0.470147
-0.509614
-0.499897
-0.450186
-0.463459
-0.469767
-0.475478
-0.497658
-0.490338
-0.476231
-0.474625
-0.442109
-0.494539
-0.479074
-0.468159
-0.422493
-0.440995
-0.388787
-0.412552
-0.413541
-0.378196
-0.37873
-0.420635
-0.397386
-0.391702
-0.416241
-0.450303
-0.419421
-0.419163
-0.41385
-0.414506
-0.430003
-0.431652
-0.418225
-0.426909
-0.418238
-0.41937
-0.396877
-0.404482
-0.420881
-0.429472
-0.403229
-0.374667
-0.407751
-0.415727
-0.377553
-0.409752
-0.422851
-0.388624
-0.394054
-0.381736
-0.373945
-0.368994
-0.402107
-0.402483
-0.317295
-0.358837
-0.39471
-0.362763
-0.381118
-0.376281
-0.367301
-0.356809
-0.375489
-0.387024
-0.341347
-0.346229
-0.34902
-0.304572
-0.343731
-0.345035
-0.355053
-0.344953
-0.354339
-0.36653
-0.338398
-0.407119
-0.427527
-0.432716
-0.397201
-0.419443
-0.406921
-0.418569
-0.41813
-0.412078
-0.392535
-0.396248
-0.394665
-0.406971
-0.374435
-0.350526
-0.373737
-0.383692
-0.388953
-0.384622
-0.377163
-0.349618
-0.394448
-0.423549
-0.401293
-0.418027
-0.425705
-0.445498
-0.442503
-0.465096
-0.44242
-0.444951
-0.424825
-0.441836
-0.430606
-0.427408
-0.42117
-0.423664
-0.434241
-0.415387
-0.370781
-0.412832
-0.426614
-0.402505
-0.402216
-0.410091
-0.420761
-0.432186
-0.395226
-0.370898
-0.421179
-0.433103
-0.448344
-0.421028
-0.43675
-0.432419
-0.444159
-0.433341
-0.452071
-0.472868
-0.474435
-0.464319
-0.490379
-0.512122
-0.497159
-0.49031
-0.51651
-0.538575
-0.486627
-0.457819
-0.491117
-0.493813
-0.472366
-0.450767
-0.478587
-0.42572
-0.414177
-0.490957
-0.457287
-0.442259
-0.45616
-0.470664
-0.47758
-0.441162
-0.452543
-0.426099
-0.439173
-0.489908
-0.493725
-0.481095
-0.491692
-0.483005
-0.476372
-0.521006
-0.515523
-0.492443
-0.463336
-0.482598
-0.508221
-0.501229
-0.483354
-0.497979
-0.468178
-0.47252
-0.466042
-0.482517
-0.484866
-0.468314
-0.480478
-0.470688
-0.498589
-0.466058
-0.487757
-0.471268
-0.480957
-0.458954
-0.468841
-0.480119
-0.44414
-0.453001
-0.452074
-0.445009
-0.422768
-0.410105
-0.412632
-0.354977
-0.349397
-0.383619
-0.380953
-0.403182
-0.374266
-0.395618
-0.361073
-0.382993
-0.37344
-0.38643
-0.371825
-0.382117
-0.363075
-0.374262
-0.368403
-0.369783
-0.368164
-0.328445
-0.366527
-0.357188
-0.383286
-0.393757
-0.382907
-0.377808
-0.379862
-0.396172
-0.402517
-0.391815
-0.401595
-0.40041
-0.387627
-0.41458
-0.43157
-0.402101
-0.394466
-0.401475
-0.460148
-0.46412
-0.43928
-0.453152
-0.438352
-0.477407
-0.421829
-0.455071
-0.470282
-0.46427
-0.506922
-0.473349
-0.451436
-0.458944
-0.463324
-0.443456
-0.445321
-0.43614
-0.421804
-0.356123
-0.420248
-0.419416
-0.412162
-0.41041
-0.403933
-0.344524
-0.379431
-0.395781
-0.372935
-0.392529
-0.382342
-0.393748
-0.377723
-0.374457
-0.393863
-0.380007
-0.375775
-0.377625
-0.359637
-0.374579
-0.373794
-0.385166
-0.399883
-0.366172
-0.336271
-0.364864
-0.369081
-0.376276
-0.350697
-0.345747
-0.347632
-0.326922
-0.329427
-0.328281
-0.325374
-0.357232
-0.329874
-0.365616
-0.380904
-0.358359
-0.329224
-0.376928
-0.39538
-0.375687
-0.373217
-0.34351
-0.368855
-0.390025
-0.382583
-0.38374
-0.398864
-0.399346
-0.321186
-0.385384
-0.403772
-0.404758
-0.396671
-0.371751
-0.372104
-0.371631
-0.377294
-0.378445
-0.403287
-0.417449
-0.386971
-0.393559
-0.403765
-0.420519
-0.4129
-0.391985
-0.375041
-0.384964
-0.389489
-0.407376
-0.360257
-0.347671
-0.356058
-0.357619
-0.358146
-0.35762
-0.360498
-0.357908
-0.265956
-0.362813
-0.395687
-0.334409
-0.362247
-0.390242
-0.40068
-0.373722
-0.378604
-0.340046
-0.393552
-0.376257
-0.376187
-0.385144
-0.391415
-0.397516
-0.417102
-0.397669
-0.44533
-0.421466
-0.386819
-0.447755
-0.419709
-0.410194
-0.434841
-0.434975
-0.435656
-0.422886
-0.440048
-0.418568
-0.460498
-0.472487
-0.493732
-0.497623
-0.502434
-0.483146
-0.522464
-0.474826
-0.517641
-0.525991
-0.521122
-0.491639
-0.516213
-0.46944
-0.453921
-0.478071
-0.428235
-0.402522
-0.462431
-0.43195
-0.432083
-0.453904
-0.443277
-0.460024
-0.4534
-0.477628
-0.486349
-0.445444
-0.433629
-0.466847
-0.402804
-0.434149
-0.432545
-0.41771
-0.440995
-0.392197
-0.429427
-0.440056
-0.428608
-0.438583
-0.45085
-0.473131
-0.431921
-0.436366
-0.414819
-0.45894
-0.461637
-0.466795
-0.483659
-0.463792
-0.452833
-0.480676
-0.467565
-0.487979
-0.467375
-0.493997
-0.467907
-0.406933
-0.461766
-0.445668
-0.434401
-0.426367
-0.408199
-0.416204
-0.418232
-0.406512
-0.377469
-0.371604
-0.369539
-0.376932
-0.359423
-0.35815
-0.361649
-0.343275
-0.365986
-0.365196
-0.37206
-0.338594
-0.345034
-0.346575
-0.376286
-0.366716
-0.381918
-0.397002
-0.385703
-0.387774
-0.355849
-0.407232
-0.418064
-0.41825
-0.40191
-0.409124
-0.405812
-0.341065
-0.404293
-0.414584
-0.400861
-0.367332
-0.380907
-0.373958
-0.388433
-0.390586
-0.390533
-0.387314
-0.381159
-0.359292
-0.352064
-0.368011
-0.385499
-0.343516
-0.355103
-0.332507
-0.351897
-0.36797
-0.318879
-0.329109
-0.362671
-0.291104
-0.343186
-0.34075
-0.350791
-0.339548
-0.318635
-0.290134
-0.324408
-0.327153
-0.324813
-0.322732
-0.296535
-0.306893
-0.319142
-0.320714
-0.330996
-0.313795
-0.329786
-0.307214
-0.280948
-0.30341
-0.30683
-0.303614
-0.307027
-0.31915
-0.287541
-0.309257
-0.31523
-0.323105
-0.338212
-0.357622
-0.32063
-0.337266
-0.362217
-0.359205
-0.366366
-0.369378
-0.366517
-0.36626
-0.356973
-0.377706
-0.3992
-0.403137
-0.354047
-0.362314
-0.424774
-0.418712
-0.385255
-0.395774
-0.369876
-0.385576
-0.356806
-0.364415
-0.363016
-0.361723
-0.358149
-0.354744
-0.355917
-0.356433
-0.350677
-0.342252
-0.33714
-0.331507
-0.322817
-0.316783
-0.32625
-0.304323
-0.269712
-0.27081
-0.301038
-0.292551
-0.310997
-0.300074
-0.304065
-0.326556
-0.340301
-0.356775
-0.361726
-0.344436
-0.381385
-0.411878
-0.372467
-0.371339
-0.384461
-0.380795
-0.361693
-0.383048
-0.309777
-0.329465
-0.358906
-0.355021
-0.344751
-0.360802
-0.370976
-0.371092
-0.340868
-0.351736
-0.359361
-0.378926
-0.378368
-0.343096
-0.340303
-0.35679
-0.310015
-0.317559
-0.331579
-0.315629
-0.319463
-0.339787
-0.352638
-0.358252
-0.327423
-0.328254
-0.333629
-0.361442
-0.374205
-0.357961
-0.339584
-0.339181
-0.339248
-0.351014
-0.350545
-0.334635
-0.332667
-0.372537
-0.362225
-0.353271
-0.3625
-0.360965
-0.366025
-0.366907
-0.348969
-0.360953
-0.360389
-0.349348
-0.367643
-0.378729
-0.355946
-0.284363
-0.369785
-0.342956
-0.290906
-0.294982
-0.330231
-0.303246
-0.308327
-0.333422
-0.327724
-0.318978
-0.326222
-0.306454
-0.336754
-0.352096
-0.353559
-0.349243
-0.362101
-0.370412
-0.368098
-0.360192
-0.37684
-0.352373
-0.350167
-0.317562
-0.364034
-0.369594
-0.30804
-0.322251
-0.338457
-0.344727
-0.331474
-0.314865
-0.334513
-0.329261
-0.312996
-0.305708
-0.347003
-0.350683
-0.354229
-0.34305
-0.365241
-0.345979
-0.377601
-0.383324
-0.324849
-0.411387
-0.368203
-0.342093
-0.37481
-0.386963
-0.358427
-0.366728
-0.357362
-0.363862
-0.362369
-0.373439
-0.381588
-0.363259
-0.278876
-0.347819
-0.373818
-0.32222
-0.34394
-0.345274
-0.337591
-0.363758
-0.341658
-0.325879
-0.366558
-0.340389
-0.338031
-0.319825
-0.348776
-0.363274
-0.321222
-0.332775
-0.348731
-0.328482
-0.363273
-0.371464
-0.360503
-0.346078
-0.328293
-0.381158
-0.343093
-0.393514
-0.392496
-0.395083
-0.386782
-0.377376
-0.382823
-0.406817
-0.398309
-0.379107
-0.362364
-0.362445
-0.365019
-0.371815
-0.374541
-0.366956
-0.35519
-0.341986
-0.335041
-0.358179
-0.362657
-0.365468
-0.362309
-0.350529
-0.333657
-0.368647
-0.380261
-0.371266
-0.362842
-0.375096
-0.378093
-0.348264
-0.327633
-0.302346
-0.344999
-0.356242
-0.366118
-0.368
-0.381516
-0.388138
-0.390004
-0.395715
-0.372576
-0.420554
-0.415458
-0.378905
-0.375632
-0.387497
-0.39284
-0.380457
-0.383747
-0.373028
-0.407395
-0.402232
-0.369047
-0.402436
-0.394128
-0.374639
-0.372661
-0.356844
-0.376819
-0.382185
-0.366905
-0.372418
-0.336413
-0.279518
-0.380939
-0.327399
-0.377369
-0.387343
-0.341042
-0.358191
-0.371115
-0.376353
-0.368691
-0.386706
-0.388495
-0.377508
-0.372937
-0.402168
-0.355082
-0.431652
-0.45872
-0.419978
-0.404895
-0.444831
-0.400661
-0.385339
-0.394447
-0.362282
-0.374857
-0.360545
-0.35784
-0.349884
-0.336716
-0.30388
-0.359328
-0.333678
-0.367529
-0.324974
-0.344224
-0.310307
-0.339238
-0.3504
-0.354963
-0.372409
-0.367569
-0.355748
-0.371857
-0.375011
-0.367509
-0.382676
-0.385919
-0.37798
-0.342252
-0.375792
-0.403345
-0.374057
-0.356284
-0.348556
-0.368988
-0.357297
-0.376246
-0.351215
-0.355846
-0.356023
-0.367419
-0.356606
-0.365352
-0.373299
-0.290732
-0.337233
-0.343502
-0.321059
-0.327015
-0.300782
-0.313861
-0.311028
-0.32525
-0.315368
-0.312764
-0.327714
-0.286778
-0.312158
-0.349648
-0.324681
-0.313499
-0.299974
-0.335782
-0.328487
-0.331915
-0.330448
-0.338926
-0.350465
-0.335058
-0.368731
-0.369665
-0.372132
-0.377868
-0.394877
-0.381841
-0.392901
-0.405755
-0.385835
-0.406082
-0.369094
-0.377644
-0.36508
-0.369111
-0.380044
-0.350592
-0.325531
-0.3294
-0.3563
-0.354832
-0.297161
-0.35806
-0.364714
-0.331024
-0.319937
-0.371901
-0.324794
-0.339852
-0.328652
-0.348361
-0.338543
-0.332279
-0.300109
-0.305339
-0.316969
-0.315496
-0.262239
-0.286143
-0.273333
-0.279481
-0.269818
-0.280803
-0.281677
-0.303075
-0.299205
-0.27727
-0.314419
-0.323485
-0.329228
-0.323743
-0.316219
-0.309586
-0.324698
-0.347538
-0.332726
-0.295781
-0.335505
-0.326382
-0.355378
-0.346095
-0.310484
-0.341952
-0.297511
-0.336559
-0.342003
-0.333081
-0.354175
-0.358282
-0.373785
-0.413639
-0.409425
-0.423541
-0.431123
-0.412237
-0.402684
-0.405719
-0.43197
-0.385127
-0.347526
-0.383966
-0.386948
-0.387368
-0.37403
-0.340153
-0.389508
-0.352791
-0.382624
-0.387346
-0.365926
-0.371435
-0.367916
-0.36573
-0.361479
-0.339998
-0.343606
-0.361874
-0.32919
-0.355701
-0.350917
-0.359615
-0.361764
-0.33953
-0.333796
-0.361619
-0.340471
-0.29574
-0.341107
-0.350318
-0.336509
-0.322219
-0.339999
-0.341054
-0.309517
-0.348718
-0.348788
-0.361041
-0.382722
-0.374794
-0.384281
-0.39401
-0.382975
-0.432447
-0.404701
-0.388123
-0.417338
-0.372979
-0.3369
-0.367293
-0.35741
-0.308095
-0.285694
-0.312007
-0.319131
-0.253338
-0.302934
-0.309185
-0.300511
-0.31598
-0.307369
-0.265282
-0.305985
-0.320541
-0.307939
-0.290822
-0.315075
-0.346844
-0.346864
-0.317867
-0.352747
-0.364455
-0.36899
-0.389077
-0.396727
-0.400833
-0.373271
-0.402323
-0.414085
-0.413525
-0.387503
-0.446005
-0.432003
-0.40783
-0.412913
-0.429846
-0.356061
-0.393952
-0.41709
-0.38348
-0.328626
-0.341419
-0.350285
-0.327704
-0.342481
-0.33265
-0.327467
-0.315405
-0.327981
-0.362437
-0.370037
-0.379551
-0.39125
-0.374904
-0.404812
-0.434161
-0.429516
-0.375559
-0.422453
-0.427659
-0.422375
-0.394219
-0.417001
-0.420184
-0.399854
-0.421386
-0.401161
-0.41656
-0.419947
-0.404345
-0.399238
-0.395683
-0.366959
-0.355043
-0.363511
-0.357568
-0.365938
-0.363427
-0.304669
-0.356392
-0.375631
-0.366788
-0.326472
-0.340537
-0.375046
-0.348913
-0.377609
-0.399788
-0.388673
-0.381146
-0.370609
-0.398535
-0.381931
-0.412414
-0.431221
-0.425659
-0.38982
-0.406075
-0.420384
-0.433568
-0.416315
-0.4019
-0.404049
-0.419443
-0.421587
-0.43356
-0.438454
-0.437454
-0.446679
-0.444439
-0.432019
-0.433627
-0.446618
-0.423013
-0.413113
-0.406115
-0.400692
-0.408334
-0.363605
-0.407866
-0.354237
-0.397748
-0.454185
-0.467063
-0.446961
-0.434893
-0.470461
-0.473281
-0.454499
-0.469862
-0.436058
-0.466048
-0.443847
-0.408977
-0.447202
-0.438581
-0.407211
-0.414831
-0.425107
-0.424749
-0.402216
-0.382256
-0.431991
-0.428672
-0.430845
-0.362196
-0.393315
-0.410472
-0.408068
-0.373175
-0.378877
-0.400181
-0.401936
-0.404504
-0.394381
-0.42193
-0.418046
-0.392288
-0.40895
-0.3983
-0.436472
-0.398513
-0.397939
-0.420901
-0.431593
-0.427255
-0.416091
-0.411576
-0.415596
-0.390399
-0.423666
-0.413663
-0.39813
-0.384086
-0.375422
-0.376817
-0.381206
-0.369449
-0.357244
-0.343446
-0.314184
-0.332706
-0.328519
-0.327326
-0.319115
-0.313814
-0.313491
-0.313963
-0.344786
-0.359566
-0.356838
-0.376612
-0.361028
-0.358985
-0.349664
-0.343379
-0.35631
-0.36451
-0.361275
-0.314582
-0.317889
-0.359504
-0.356501
-0.325416
-0.29548
-0.33505
-0.35091
-0.365191
-0.331704
-0.373186
-0.367747
-0.36409
-0.373638
-0.393761
-0.420531
-0.435293
-0.427346
-0.424875
-0.426358
-0.457235
-0.488672
-0.483872
-0.480918
-0.470856
-0.509437
-0.476218
-0.483186
-0.48158
-0.452616
-0.439291
-0.45211
-0.453637
-0.451035
-0.419751
-0.426313
-0.383854
-0.419527
-0.433744
-0.418809
-0.393177
-0.383786
-0.397949
-0.405203
-0.377711
-0.372391
-0.408397
-0.400758
-0.384525
-0.388624
-0.399027
-0.406433
-0.386926
-0.401098
-0.408051
-0.417103
-0.38925
-0.425686
-0.405278
-0.43063
-0.385269
-0.378166
-0.400656
-0.382727
-0.36504
-0.359747
-0.350498
-0.308828
-0.345852
-0.36603
-0.346997
-0.369523
-0.389572
-0.377586
-0.380413
-0.386103
-0.415538
-0.426386
-0.472667
-0.442955
-0.418297
-0.438796
-0.438564
-0.444769
-0.426329
-0.436484
-0.420976
-0.378527
-0.410867
-0.390249
-0.39919
-0.401683
-0.341221
-0.384959
-0.40905
-0.416838
-0.40077
-0.418972
-0.42126
-0.396091
-0.414132
-0.42432
-0.395313
-0.389835
-0.417803
-0.400187
-0.354096
-0.370241
-0.399479
-0.33902
-0.360882
-0.395294
-0.375017
-0.363969
-0.365378
-0.375471
-0.383933
-0.404964
-0.429165
-0.347621
-0.384589
-0.426622
-0.406787
-0.423296
-0.40952
-0.359682
-0.401206
-0.383155
-0.413312
-0.421675
-0.369331
-0.398442
-0.415242
-0.415595
-0.430893
-0.430737
-0.443456
-0.443944
-0.440385
-0.458073
-0.44021
-0.462603
-0.439158
-0.397463
-0.422131
-0.479017
-0.432077
-0.40857
-0.406457
-0.42116
-0.427452
-0.409058
-0.43753
-0.39863
-0.421792
-0.426013
-0.433555
-0.44901
-0.446069
-0.465515
-0.439884
-0.462878
-0.454813
-0.43263
-0.409705
-0.420661
-0.416294
-0.405439
-0.377168
-0.3854
-0.366014
-0.385538
-0.38751
-0.378674
-0.400955
-0.350024
-0.354712
-0.344943
-0.398101
-0.387385
-0.390221
-0.382528
-0.346589
-0.368763
-0.375541
-0.368855
-0.354374
-0.340957
-0.367334
-0.37872
-0.3651
-0.349645
-0.385965
-0.361803
-0.415064
-0.402166
-0.361187
-0.37985
-0.405647
-0.411718
-0.397973
-0.417407
-0.421883
-0.424443
-0.386588
-0.414119
-0.402965
-0.394223
-0.41939
-0.448228
-0.432589
-0.422962
-0.417228
-0.424667
-0.407194
-0.394437
-0.400125
-0.389809
-0.373414
-0.374956
-0.375561
-0.369088
-0.343973
-0.346539
-0.361996
-0.360624
-0.351945
-0.353309
-0.358188
-0.36537
-0.351947
-0.362599
-0.40177
-0.376749
-0.35899
-0.36217
-0.380886
-0.311175
-0.370067
-0.397939
-0.385369
-0.400059
-0.407302
-0.425431
-0.398613
-0.430593
-0.389512
-0.442169
-0.428943
-0.431903
-0.424973
-0.383882
-0.409172
-0.389249
-0.337826
-0.372098
-0.374266
-0.376495
-0.362435
-0.379316
-0.358813
-0.316581
-0.373529
-0.380192
-0.34602
-0.363401
-0.343757
-0.352302
-0.349888
-0.358773
-0.354522
-0.344531
-0.354661
-0.362872
-0.384397
-0.354931
-0.343033
-0.391641
-0.399786
-0.357947
-0.371428
-0.385145
-0.364365
-0.377131
-0.375884
-0.370596
-0.377001
-0.379901
-0.358776
-0.392121
-0.361273
-0.38492
-0.377966
-0.370462
-0.350002
-0.340022
-0.335626
-0.359571
-0.360568
-0.321845
-0.356606
-0.363058
-0.33945
-0.36341
-0.363342
-0.352393
-0.395975
-0.390657
-0.353873
-0.384532
-0.400171
-0.357981
-0.363421
-0.35998
-0.380337
-0.376394
-0.363581
-0.346786
-0.362101
-0.312849
-0.358269
-0.328833
-0.304488
-0.361552
-0.345907
-0.325395
-0.372049
-0.352986
-0.393805
-0.41547
-0.398284
-0.407314
-0.441591
-0.456091
-0.431491
-0.432822
-0.420676
-0.441745
-0.45588
-0.417189
-0.456363
-0.450795
-0.429647
-0.419048
-0.431872
-0.435351
-0.413965
-0.439277
-0.446813
-0.430452
-0.430881
-0.428465
-0.440156
-0.437292
-0.462647
-0.400191
-0.409326
-0.4347
-0.428222
-0.423557
-0.387241
-0.413822
-0.405253
-0.414485
-0.410213
-0.425582
-0.450116
-0.370416
-0.403232
-0.41688
-0.391255
-0.358668
-0.346075
-0.354767
-0.341717
-0.33327
-0.31738
-0.323674
-0.344879
-0.35302
-0.348922
-0.328719
-0.347032
-0.347136
-0.324815
-0.369069
-0.382882
-0.371226
-0.397143
-0.401818
-0.399464
-0.344041
-0.405837
-0.399523
-0.405572
-0.416083
-0.409612
-0.405604
-0.419598
-0.42692
-0.425718
-0.418664
-0.444137
-0.454301
-0.450552
-0.443419
-0.440554
-0.467362
-0.439072
-0.447552
-0.482183
-0.48355
-0.424182
-0.4327
-0.469138
-0.460252
-0.443492
-0.439398
-0.456299
-0.463475
-0.426005
-0.466135
-0.442001
-0.43727
-0.444662
-0.462572
-0.428277
-0.464417
-0.432216
-0.435855
-0.454881
-0.376261
-0.428705
-0.431595
-0.424551
-0.39941
-0.391597
-0.423514
-0.425898
-0.386221
-0.434105
-0.419603
-0.455417
-0.445493
-0.449502
-0.477099
-0.465457
-0.439216
-0.469142
-0.488311
-0.441992
-0.466905
-0.448629
-0.450496
-0.419237
-0.406924
-0.409846
-0.404801
-0.402676
-0.367469
-0.379809
-0.391524
-0.373989
-0.360217
-0.386301
-0.402981
-0.412017
-0.415861
-0.420618
-0.426314
-0.439899
-0.453315
-0.40439
-0.415344
-0.4206
-0.383589
-0.394338
-0.400912
-0.369398
-0.379647
-0.349631
-0.353056
-0.373797
-0.358754
-0.35603
-0.36968
-0.355757
-0.361355
-0.3419
-0.359368
-0.372614
-0.34047
-0.374389
-0.364967
-0.321219
-0.357399
-0.355696
-0.332626
-0.331048
-0.342347
-0.335487
-0.339776
-0.341612
-0.312363
-0.346406
-0.365753
-0.309125
-0.329719
-0.368166
-0.335218
-0.344747
-0.341105
-0.337142
-0.302728
-0.370746
-0.386419
-0.394069
-0.403661
-0.406136
-0.369029
-0.398578
-0.470278
-0.434968
-0.422582
-0.461814
-0.436166
-0.413732
-0.43525
-0.447362
-0.394781
-0.442413
-0.447836
-0.445411
-0.420856
-0.449962
-0.443558
-0.442187
-0.434834
-0.411036
-0.416901
-0.395101
-0.381081
-0.366121
-0.390013
-0.359827
-0.351917
-0.350526
-0.393734
-0.35535
-0.321606
-0.379636
-0.399519
-0.395704
-0.362212
-0.416753
-0.393944
-0.403196
-0.417536
-0.405499
-0.393702
-0.362056
-0.39708
-0.403535
-0.369229
-0.372839
-0.386722
-0.377202
-0.363778
-0.376061
-0.396177
-0.402891
-0.400779
-0.420905
-0.421367
-0.433586
-0.428143
-0.438578
-0.421815
-0.362471
-0.384133
-0.395965
-0.32973
-0.366037
-0.334885
-0.330799
-0.350926
-0.341236
-0.316889
-0.32714
-0.364016
-0.375021
-0.386823
-0.371195
-0.328945
-0.402966
-0.403406
-0.368627
-0.380544
-0.404218
-0.397617
-0.399431
-0.381442
-0.332222
-0.3262
-0.356142
-0.348577
-0.329088
-0.242033
-0.305235
-0.312225
-0.314057
-0.272557
-0.332629
-0.323741
-0.296221
-0.374213
-0.374426
-0.374038
-0.390165
-0.418004
-0.427103
-0.397641
-0.373097
-0.415306
-0.423476
-0.412311
-0.392556
-0.405671
-0.384559
-0.383585
-0.389872
-0.39962
-0.377311
-0.403108
-0.387264
-0.433599
-0.396734
-0.368836
-0.417615
-0.417099
-0.400646
-0.407498
-0.409395
-0.413062
-0.379623
-0.4201
-0.42121
-0.415851
-0.374425
-0.387177
-0.37613
-0.359187
-0.38474
-0.37208
-0.30453
-0.3413
-0.361408
-0.347714
-0.361357
-0.375265
-0.379566
-0.351344
-0.392364
-0.362361
-0.398167
-0.398635
-0.441491
-0.417447
-0.446312
-0.411369
-0.449099
-0.472397
-0.432737
-0.456194
-0.430762
-0.40596
-0.420474
-0.433058
-0.384796
-0.414689
-0.390918
-0.396214
-0.372224
-0.393398
-0.371687
-0.3648
-0.336134
-0.326491
-0.348206
-0.329631
-0.309666
-0.298767
-0.297916
-0.307623
-0.295755
-0.282015
-0.282139
-0.290958
-0.300561
-0.288181
-0.261371
-0.290485
-0.258995
-0.302805
-0.288048
-0.295314
-0.290049
-0.281727
-0.27113
-0.278708
-0.27866
-0.284178
-0.287344
-0.286111
-0.299126
-0.313248
-0.3075
-0.314186
-0.346034
-0.357259
-0.350334
-0.366544
-0.39028
-0.355049
-0.376545
-0.375148
-0.363515
-0.388534
-0.363165
-0.395346
-0.397382
-0.376582
-0.388171
-0.37308
-0.37528
-0.385087
-0.378641
-0.425768
-0.390841
-0.41931
-0.410856
-0.405424
-0.424657
-0.430986
-0.438457
-0.418602
-0.42156
-0.398611
-0.478139
-0.463493
-0.465208
-0.473499
-0.455668
-0.37246
-0.427548
-0.424527
-0.384745
-0.382451
-0.368013
-0.336518
-0.336931
-0.334186
-0.353387
-0.368897
-0.358574
-0.346878
-0.369057
-0.385712
-0.357721
-0.386666
-0.383442
-0.361113
-0.386131
-0.407186
-0.39137
-0.392015
-0.400716
-0.385946
-0.41658
-0.405826
-0.401566
-0.402868
-0.3691
-0.374175
-0.405256
-0.404865
-0.382985
-0.434272
-0.409639
-0.434708
-0.452286
-0.428018
-0.439671
-0.435026
-0.436691
-0.422754
-0.442083
-0.454484
-0.425841
-0.440299
-0.443076
-0.459314
-0.438287
-0.44929
-0.466245
-0.452754
-0.37917
-0.407288
-0.40762
-0.410434
-0.409881
-0.387538
-0.41109
-0.398426
-0.382386
-0.404662
-0.414777
-0.431354
-0.405789
-0.432915
-0.448658
-0.440558
-0.418916
-0.433402
-0.423986
-0.416699
-0.450165
-0.433411
-0.402791
-0.453247
-0.458902
-0.426123
-0.409796
-0.432919
-0.427861
-0.437619
-0.429435
-0.425726
-0.422249
-0.404948
-0.420564
-0.401074
-0.381917
-0.410147
-0.417448
-0.423896
-0.422493
-0.398666
-0.439431
-0.416837
-0.501238
-0.507135
-0.526937
-0.502037
-0.485399
-0.47738
-0.466977
-0.465986
-0.457775
-0.455425
-0.443101
-0.392947
-0.411169
-0.397089
-0.413504
-0.430181
-0.393442
-0.428894
-0.423214
-0.443877
-0.461217
-0.440823
-0.439264
-0.476595
-0.45034
-0.466824
-0.457933
-0.422381
-0.450178
-0.408963
-0.438982
-0.438252
-0.421985
-0.415848
-0.410426
-0.40422
-0.415558
-0.410636
-0.396613
-0.415719
-0.402423
-0.411704
-0.407625
-0.443775
-0.461224
-0.440552
-0.457545
-0.460715
-0.453308
-0.461674
-0.447972
-0.454569
-0.449954
-0.445536
-0.455393
-0.463758
-0.426174
-0.463656
-0.483284
-0.464095
-0.496202
-0.468343
-0.483662
-0.511398
-0.512391
-0.517629
-0.438725
-0.433977
-0.459694
-0.435658
-0.447004
-0.429034
-0.424152
-0.397794
-0.41667
-0.41558
-0.394627
-0.413761
-0.410896
-0.407228
-0.406733
-0.441803
-0.452632
-0.437307
-0.467643
-0.474344
-0.457163
-0.417757
-0.478873
-0.521161
-0.486505
-0.511951
-0.418478
-0.471115
-0.468262
-0.441497
-0.405802
-0.444884
-0.437856
-0.402402
-0.418685
-0.443734
-0.389276
-0.435109
-0.464317
-0.463575
-0.446921
-0.454466
-0.462484
-0.492519
-0.48918
-0.504602
-0.516277
-0.474371
-0.504936
-0.517677
-0.545606
-0.53582
-0.484397
-0.509639
-0.531258
-0.540172
-0.518732
-0.539728
-0.518761
-0.525845
-0.500088
-0.484137
-0.5186
-0.507234
-0.502428
-0.483991
-0.496091
-0.516828
-0.454677
-0.472742
-0.507115
-0.504541
-0.484227
-0.497398
-0.507119
-0.468962
-0.480566
-0.463598
-0.491026
-0.515013
-0.473361
-0.473245
-0.472319
-0.474085
-0.472595
-0.487736
-0.487918
-0.458338
-0.40841
-0.493759
-0.489901
-0.515763
-0.483451
-0.484408
-0.492219
-0.469711
-0.500468
-0.505969
-0.471371
-0.491425
-0.476558
-0.471293
-0.535902
-0.482706
-0.498585
-0.513625
-0.474781
-0.492367
-0.487805
-0.457737
-0.467174
-0.466641
-0.469045
-0.477169
-0.437501
-0.422297
-0.443052
-0.455842
-0.437987
-0.422047
-0.437953
-0.411825
-0.432544
-0.417086
-0.38495
-0.417835
-0.40725
-0.359517
-0.382661
-0.409578
-0.392707
-0.399195
-0.369442
-0.346269
-0.379021
-0.378114
-0.38945
-0.399517
-0.369639
-0.364894
-0.389947
-0.403874
-0.42026
-0.427332
-0.3778
-0.407429
-0.419521
-0.42141
-0.366713
-0.429115
-0.432086
-0.420305
-0.410049
-0.429761
-0.433761
-0.431856
-0.423591
-0.404796
-0.416732
-0.41501
-0.402182
-0.40147
-0.384982
-0.385618
-0.397873
-0.389297
-0.411912
-0.399544
-0.377323
-0.363727
-0.390681
-0.393661
-0.325911
-0.382351
-0.39204
-0.383183
-0.371767
-0.345834
-0.392276
-0.34983
-0.359363
-0.361229
-0.35747
-0.363088
-0.355339
-0.374016
-0.357299
-0.346994
-0.359784
-0.368392
-0.340886
-0.336001
-0.355722
-0.344145
-0.360813
-0.3262
-0.327468
-0.352286
-0.350127
-0.364033
-0.351661
-0.336824
-0.36688
-0.363655
-0.319182
-0.334585
-0.352872
-0.385114
-0.385913
-0.387111
-0.41235
-0.423222
-0.383386
-0.446432
-0.443113
-0.429056
-0.431748
-0.445493
-0.432399
-0.424765
-0.422293
-0.383426
-0.380276
-0.404443
-0.40612
-0.371116
-0.3432
-0.363562
-0.379345
-0.376294
-0.340584
-0.341598
-0.345764
-0.346422
-0.368927
-0.380873
-0.369372
-0.347004
-0.35396
-0.377355
-0.383031
-0.371904
-0.395319
-0.395503
-0.41849
-0.384838
-0.381209
-0.385484
-0.428498
-0.420314
-0.375599
-0.396305
-0.408236
-0.404098
-0.406089
-0.41025
-0.396893
-0.416955
-0.372596
-0.454739
-0.41233
-0.394765
-0.392956
-0.418648
-0.407971
-0.360098
-0.383272
-0.377587
-0.386858
-0.362009
-0.34541
-0.339184
-0.372671
-0.372967
-0.357413
-0.362164
-0.376664
-0.380664
-0.36533
-0.367679
-0.395614
-0.427106
-0.437741
-0.432103
-0.384842
-0.445857
-0.374436
-0.422389
-0.407247
-0.391857
-0.401572
-0.403306
-0.384807
