1.8207
1.82866
1.78009
1.80336
1.78615
1.83034
1.81862
1.7503
1.78564
1.81126
1.78098
1.77987
1.79004
1.80728
1.81802
1.78426
1.83679
1.85632
1.812
1.86912
1.83506
1.83467
1.86008
1.90576
1.87982
1.84514
1.84518
1.86277
1.83837
1.83387
1.83605
1.79882
1.80613
1.8127
1.77343
1.82235
1.77235
1.79854
1.82613
1.81106
1.81328
1.79967
1.7794
1.79385
1.80974
1.72516
1.74146
1.74775
1.76392
1.73451
1.76707
1.78675
1.78575
1.81255
1.75965
1.82491
1.83661
1.83158
1.83999
1.80556
1.82519
1.85591
1.8465
1.85654
1.84025
1.78299
1.85743
1.85765
1.85766
1.86052
1.84823
1.83227
1.83751
1.83884
1.83848
1.82729
1.82038
1.82195
1.84873
1.84682
1.80368
1.83463
1.82943
1.84361
1.84402
1.81222
1.81687
1.84578
1.85373
1.83743
1.85132
1.86485
1.85515
1.84581
1.88241
1.88491
1.91083
1.91374
1.84345
1.90795
1.87729
1.9166
1.90693
1.8572
1.8704
1.8768
1.88259
1.9047
1.8974
1.88329
1.88152
1.84916
1.90148
1.88609
1.87508
1.82958
1.84787
1.79568
1.81945
1.82058
1.78521
1.78581
1.82761
1.80441
1.79871
1.82328
1.85733
1.82648
1.8262
1.8209
1.82158
1.83716
1.8388
1.82538
1.834
1.82542
1.82647
1.80406
1.81162
1.82803
1.83664
1.81033
1.78184
1.81496
1.82285
1.78477
1.81689
1.82996
1.79586
1.80122
1.78896
1.78119
1.77629
1.80935
1.80966
1.72461
1.76601
1.80186
1.77005
1.78836
1.78358
1.77458
1.76413
1.78283
1.79435
1.74876
1.75349
1.75621
1.71194
1.75109
1.75244
1.76246
1.75234
1.76172
1.77388
1.74589
1.81445
1.83495
1.84006
1.80473
1.82671
1.81418
1.82596
1.82557
1.81952
1.79981
1.8035
1.80207
1.81426
1.78178
1.75793
1.78105
1.79102
1.79637
1.79203
1.78456
1.75704
1.80179
1.83086
1.80867
1.82534
1.8331
1.85287
1.84999
1.87246
1.84981
1.85224
1.8322
1.84929
1.83805
1.83485
1.82862
1.83115
1.84163
1.82278
1.7783
1.82017
1.83401
1.80997
1.80964
1.8175
1.82816
1.83944
1.80253
1.77839
1.82835
1.84046
1.85575
1.82831
1.84398
1.83983
1.85153
1.84069
1.85941
1.88031
1.88186
1.87174
1.89775
1.91946
1.90457
1.89753
1.92375
1.946
1.89394
1.86518
1.89855
1.90121
1.87974
1.85823
1.88577
1.83288
1.82172
1.89819
1.86458
1.84958
1.86351
1.87804
1.88491
1.84855
1.85977
1.83331
1.84641
1.89718
1.90101
1.88837
1.89891
1.89013
1.88355
1.92831
1.9228
1.89963
1.87054
1.88985
1.91551
1.90829
1.89046
1.90519
1.87538
1.87966
1.87325
1.88968
1.8921
1.87558
1.88769
1.87795
1.90569
1.87336
1.89485
1.87841
1.888
1.86613
1.87602
1.88726
1.85122
1.86002
1.8592
1.85213
1.82987
1.8172
1.81968
1.76203
1.75635
1.79054
1.788
1.81023
1.78146
1.80266
1.76822
1.79002
1.78062
1.79355
1.77897
1.78923
1.77024
1.78138
1.77554
1.77693
1.77522
1.73563
1.7736
1.76439
1.79045
1.80093
1.79011
1.78501
1.78708
1.80336
1.8097
1.79906
1.80883
1.80759
1.79486
1.82186
1.83876
1.80937
1.80155
1.80863
1.86737
1.87126
1.84644
1.86039
1.84567
1.88453
1.82913
1.8622
1.87751
1.87156
1.91403
1.88051
1.85858
1.86618
1.87049
1.85072
1.85231
1.84318
1.82889
1.76358
1.82748
1.82667
1.81946
1.81767
1.81117
1.75188
1.78665
1.80305
1.78029
1.79983
1.78973
1.80109
1.78513
1.78187
1.80123
1.78738
1.78309
1.78502
1.76679
1.78178
1.78121
1.7926
1.80725
1.77359
1.74366
1.77218
1.77659
1.78373
1.75816
1.75321
1.75511
1.73441
1.7369
1.73575
1.73289
1.76466
1.73744
1.77306
1.78838
1.7658
1.73675
1.78436
1.80283
1.78317
1.78063
1.75097
1.77626
1.7975
1.79005
1.79122
1.80632
1.80677
1.7289
1.7928
1.81126
1.81226
1.80412
1.77926
1.77955
1.77905
1.78468
1.78583
1.81065
1.82477
1.79438
1.80089
1.81111
1.82786
1.8201
1.79917
1.78238
1.7922
1.79685
1.81463
1.76759
1.75491
1.76332
1.76486
1.76541
1.76486
1.76777
1.76505
1.67338
1.76972
1.80268
1.74185
1.76952
1.79752
1.80791
1.78091
1.78576
1.7475
1.80073
1.78355
1.78345
1.7924
1.79867
1.80484
1.82436
1.80504
1.85257
1.82862
1.79412
1.85497
1.82699
1.81754
1.84211
1.84231
1.84292
1.8302
1.84726
1.82581
1.86763
1.87973
1.90093
1.90485
1.90954
1.89038
1.92955
1.88211
1.92472
1.93314
1.92814
1.8988
1.92334
1.87665
1.86113
1.88518
1.8354
1.80983
1.86953
1.83914
1.83928
1.86106
1.85044
1.8671
1.86064
1.88477
1.89345
1.85251
1.84075
1.87389
1.81011
1.8413
1.8397
1.825
1.84815
1.79953
1.83661
1.84727
1.83587
1.84581
1.85816
1.88035
1.83929
1.84361
1.82213
1.86619
1.86899
1.87415
1.891
1.87098
1.86004
1.888
1.87487
1.89523
1.87484
1.90133
1.87526
1.81423
1.86887
1.85301
1.8416
1.83361
1.81556
1.82352
1.82557
1.81383
1.78485
1.77893
1.77687
1.78425
1.76667
1.76541
1.76882
1.75053
1.77331
1.77252
1.77933
1.74595
1.75221
1.75385
1.78358
1.77407
1.78926
1.80432
1.79307
1.79511
1.76309
1.81436
1.82546
1.8256
1.80933
1.8165
1.81315
1.74859
1.81164
1.82202
1.80829
1.77482
1.78833
1.78144
1.79584
1.79802
1.79798
1.79475
1.78858
1.76671
1.7594
1.77538
1.79287
1.75096
1.76246
1.73994
1.75927
1.77538
1.72635
1.73653
1.77001
1.6985
1.7504
1.74818
1.75818
1.74695
1.72598
1.69755
1.73181
1.73455
1.7322
1.73007
1.70393
1.7142
1.72646
1.7281
1.7383
1.72117
1.73707
1.71453
1.68831
1.71077
1.7142
1.71103
1.71445
1.72651
1.69502
1.71654
1.7226
1.7305
1.74553
1.76495
1.72802
1.74458
1.76962
1.76661
1.77378
1.77681
1.77391
1.77359
1.76437
1.7851
1.80662
1.81052
1.76139
1.76955
1.83223
1.82617
1.7928
1.80317
1.7774
1.79301
1.76435
1.7719
1.77053
1.7692
1.76561
1.76222
1.76339
1.76392
1.75817
1.74978
1.74467
1.73901
1.73031
1.72432
1.73377
1.71177
1.6772
1.67836
1.70851
1.7001
1.71849
1.70757
1.7116
1.73405
1.74782
1.76431
1.76923
1.75197
1.78885
1.81924
1.7799
1.77873
1.79186
1.78823
1.76913
1.79035
1.71733
1.73683
1.76627
1.76228
1.75202
1.76824
1.77839
1.77846
1.74838
1.75897
1.76667
1.78634
1.78577
1.7505
1.7477
1.76406
1.7175
1.72501
1.73897
1.72307
1.72692
1.74725
1.76009
1.76567
1.73492
1.7356
1.741
1.76886
1.78163
1.76535
1.747
1.74658
1.74665
1.75844
1.75799
1.74184
1.73991
1.77994
1.76959
1.7607
1.76991
1.76839
1.77347
1.7743
1.75643
1.76838
1.7678
1.75677
1.77505
1.78616
1.76319
1.69188
1.77715
1.7504
1.69835
1.70236
1.73758
1.71073
1.71576
1.74087
1.73514
1.7264
1.73356
1.71386
1.74414
1.75952
1.761
1.75664
1.76948
1.77782
1.7755
1.7676
1.78408
1.75972
1.75745
1.72496
1.77129
1.7769
1.71545
1.72958
1.7458
1.75205
1.73884
1.72228
1.74182
1.73664
1.72033
1.71304
1.75436
1.75809
1.76159
1.75049
1.77256
1.75346
1.78493
1.79055
1.73244
1.81868
1.77559
1.74954
1.78223
1.79434
1.76587
1.77415
1.76485
1.77129
1.76983
1.78089
1.78901
1.77058
1.68618
1.75492
1.78108
1.72977
1.75136
1.7527
1.74506
1.7711
1.74897
1.73326
1.77391
1.74781
1.7454
1.72729
1.75616
1.77062
1.72865
1.74011
1.75609
1.73597
1.77064
1.77887
1.76787
1.75346
1.73578
1.78835
1.75053
1.80084
1.79988
1.80245
1.79406
1.78467
1.79021
1.81418
1.80569
1.78647
1.76975
1.7698
1.77234
1.77917
1.78186
1.77431
1.76254
1.74929
1.74242
1.76548
1.76998
1.77281
1.76965
1.75786
1.74102
1.77588
1.78756
1.7786
1.77021
1.78244
1.78546
1.7556
1.73474
1.70955
1.75244
1.76366
1.77352
1.77541
1.78889
1.79549
1.79736
1.80298
1.77997
1.82783
1.8228
1.78627
1.78296
1.79481
1.80019
1.78782
1.79105
1.7804
1.81468
1.80949
1.7764
1.80971
1.80148
1.7819
1.77993
1.76419
1.7841
1.78954
1.77432
1.77973
1.7438
1.68736
1.7882
1.73482
1.78458
1.79464
1.74841
1.76543
1.77844
1.78368
1.77604
1.79407
1.79582
1.78488
1.7803
1.8094
1.76208
1.83871
1.86597
1.82718
1.81221
1.85203
1.80788
1.79255
1.80173
1.76963
1.78208
1.76785
1.76513
1.75719
1.74396
1.71131
1.7665
1.74105
1.77477
1.73243
1.75148
1.71771
1.74651
1.75769
1.76229
1.77971
1.7749
1.76307
1.77915
1.78231
1.77481
1.78997
1.79328
1.78531
1.74964
1.7831
1.81068
1.78148
1.7636
1.75589
1.77625
1.76467
1.78357
1.75861
1.76324
1.76346
1.77481
1.76403
1.77275
1.78062
1.69817
1.74448
1.75072
1.72838
1.73436
1.70822
1.72121
1.7184
1.73257
1.72273
1.72013
1.73499
1.69421
1.71951
1.75697
1.73206
1.72063
1.70734
1.74307
1.73586
1.73922
1.73782
1.74634
1.75783
1.74249
1.7761
1.77706
1.77951
1.78528
1.80222
1.78924
1.80031
1.81311
1.79321
1.81342
1.77656
1.78504
1.77247
1.77647
1.78737
1.75797
1.73298
1.73681
1.76372
1.76221
1.7046
1.76534
1.77209
1.73832
1.72742
1.77914
1.7322
1.74719
1.73611
1.75571
1.74591
1.73961
1.70754
1.71281
1.72439
1.72289
1.66981
1.69347
1.68076
1.6869
1.67727
1.6882
1.6891
1.71043
1.70648
1.68464
1.72171
1.7308
1.73654
1.73104
1.72346
1.71683
1.73205
1.75488
1.74004
1.70318
1.74278
1.73382
1.76271
1.75342
1.71794
1.74921
1.70497
1.74388
1.74936
1.74046
1.76151
1.7657
1.78119
1.82101
1.81684
1.83078
1.83833
1.81962
1.81005
1.81313
1.8393
1.79252
1.75498
1.79132
1.79436
1.79478
1.78133
1.74755
1.79679
1.76025
1.79
1.79473
1.77331
1.77881
1.77534
1.77313
1.76887
1.74742
1.75105
1.76909
1.73651
1.76313
1.75836
1.76707
1.76919
1.74688
1.7412
1.76902
1.74784
1.70323
1.74845
1.75765
1.74386
1.72966
1.74732
1.74844
1.71707
1.75611
1.75624
1.7685
1.79014
1.78224
1.79166
1.80145
1.79056
1.8398
1.81214
1.79559
1.8247
1.78039
1.74437
1.77468
1.7648
1.71544
1.69306
1.71942
1.7264
1.66082
1.71019
1.71645
1.70793
1.72331
1.71473
1.6728
1.71329
1.72788
1.71524
1.6982
1.72249
1.7542
1.75418
1.72529
1.76006
1.77178
1.77637
1.79642
1.80408
1.80812
1.78065
1.80964
1.82147
1.82079
1.79493
1.85335
1.83939
1.81521
1.8203
1.83716
1.76357
1.80128
1.82448
1.79084
1.73607
1.74879
1.75769
1.73525
1.74989
1.74006
1.73484
1.72281
1.73537
1.76975
1.7774
1.78691
1.79856
1.78232
1.81219
1.84153
1.83683
1.78307
1.82978
1.83504
1.82972
1.80154
1.82423
1.82748
1.80723
1.82865
1.80854
1.82385
1.82722
1.8117
1.80657
1.80295
1.77424
1.76233
1.77079
1.76488
1.77328
1.77071
1.71214
1.76366
1.78297
1.77409
1.73393
1.74797
1.78233
1.75631
1.78491
1.80713
1.79598
1.78842
1.77797
1.80578
1.78925
1.81968
1.83857
1.83297
1.79721
1.8134
1.82777
1.84093
1.82366
1.80922
1.81141
1.82677
1.82896
1.84093
1.84585
1.84484
1.85404
1.85178
1.83938
1.84098
1.85395
1.83041
1.82045
1.81348
1.80808
1.81546
1.77093
1.81521
1.76179
1.80521
1.8616
1.87449
1.85437
1.84235
1.87774
1.88057
1.86196
1.87721
1.84362
1.87338
1.85115
1.81645
1.85458
1.84599
1.81462
1.82218
1.83249
1.83213
1.80955
1.7897
1.83938
1.83617
1.83824
1.7699
1.80069
1.81784
1.81551
1.78071
1.78636
1.80762
1.80941
1.81197
1.80191
1.82936
1.82547
1.79972
1.81619
1.80564
1.84389
1.806
1.80542
1.82837
1.83904
1.83468
1.8235
1.81896
1.82297
1.79792
1.83106
1.82108
1.80552
1.79149
1.78277
1.78418
1.78858
1.77681
1.7646
1.75076
1.72152
1.73999
1.73591
1.73475
1.72653
1.72122
1.72092
1.72143
1.7522
1.76695
1.76426
1.78397
1.76848
1.76637
1.75699
1.75072
1.76374
1.77194
1.76869
1.722
1.7252
1.76683
1.76389
1.73279
1.70294
1.74237
1.7583
1.77251
1.7392
1.78049
1.77509
1.7714
1.78096
1.80105
1.82785
1.84255
1.8346
1.83222
1.83361
1.86446
1.89596
1.8912
1.88818
1.8782
1.91668
1.88347
1.8904
1.88883
1.85985
1.84662
1.8594
1.86101
1.8582
1.82688
1.83355
1.79126
1.82678
1.84101
1.82607
1.80044
1.79108
1.80525
1.81246
1.78488
1.77958
1.81556
1.80794
1.79174
1.7958
1.80611
1.81345
1.79416
1.80825
1.81528
1.82424
1.79655
1.83282
1.81256
1.8378
1.7924
1.78532
1.80789
1.78998
1.7723
1.76701
1.75772
1.71621
1.75317
1.77331
1.75438
1.77686
1.79689
1.78497
1.78775
1.79346
1.82283
1.83375
1.87988
1.85018
1.8256
1.84603
1.8458
1.85205
1.83365
1.84379
1.82806
1.78575
1.81814
1.79756
1.80652
1.80891
1.74866
1.79229
1.81642
1.82419
1.80814
1.82629
1.82861
1.80346
1.82148
1.83165
1.80271
1.79724
1.82514
1.80753
1.76146
1.77758
1.80678
1.74642
1.76819
1.80262
1.78241
1.77136
1.77278
1.78285
1.79135
1.81238
1.83649
1.75525
1.79205
1.83377
1.81403
1.83071
1.81683
1.76712
1.80855
1.7906
1.8207
1.82902
1.77674
1.80569
1.82257
1.82296
1.83822
1.83813
1.85087
1.85138
1.84784
1.86549
1.84751
1.86984
1.84641
1.80482
1.82957
1.88634
1.83952
1.81602
1.814
1.82858
1.83484
1.81653
1.84484
1.80617
1.82917
1.83342
1.84099
1.85642
1.85352
1.87283
1.84736
1.87019
1.86218
1.84003
1.81711
1.82803
1.82373
1.81286
1.78464
1.7928
1.77353
1.79296
1.79473
1.78592
1.8083
1.75745
1.762
1.75242
1.80541
1.79474
1.79754
1.78989
1.754
1.77608
1.78289
1.7762
1.76168
1.74829
1.77461
1.78602
1.77238
1.75702
1.79315
1.76915
1.82237
1.80945
1.76855
1.7871
1.81281
1.81898
1.80533
1.82471
1.82923
1.83172
1.79402
1.82138
1.81027
1.80156
1.82671
1.85555
1.83997
1.83025
1.82454
1.83201
1.81456
1.80182
1.80748
1.79718
1.78081
1.7823
1.78292
1.77644
1.75137
1.75391
1.76936
1.76799
1.75936
1.76071
1.76557
1.77275
1.75936
1.77004
1.80916
1.7841
1.76639
1.76962
1.78823
1.71876
1.77737
1.80538
1.79288
1.80749
1.81478
1.83288
1.80609
1.83785
1.79708
1.84946
1.83637
1.83928
1.83235
1.79149
1.81658
1.79669
1.74528
1.77942
1.78172
1.78393
1.76984
1.78671
1.76618
1.724
1.78086
1.78755
1.75351
1.77076
1.7512
1.75971
1.75733
1.76614
1.76192
1.75183
1.76196
1.77027
1.79172
1.76235
1.75043
1.79897
1.8071
1.76531
1.77877
1.79244
1.77174
1.78446
1.78326
1.77796
1.78434
1.78718
1.76615
1.79939
1.7687
1.79222
1.7853
1.7778
1.75735
1.74737
1.74301
1.76692
1.76789
1.72929
1.76394
1.7704
1.74681
1.77074
1.77062
1.75974
1.80334
1.79805
1.76126
1.79187
1.80736
1.76514
1.77074
1.76747
1.78774
1.78378
1.77093
1.75424
1.76947
1.7204
1.76557
1.73619
1.71189
1.76884
1.75328
1.73285
1.77938
1.76038
1.8011
1.82282
1.80559
1.81462
1.84896
1.86348
1.83888
1.84009
1.82803
1.84915
1.86324
1.82472
1.86371
1.85819
1.83705
1.82643
1.83926
1.84267
1.82138
1.84668
1.85416
1.83786
1.83825
1.83587
1.84749
1.8447
1.86991
1.80746
1.81654
1.84203
1.83559
1.83091
1.79472
1.82117
1.81268
1.82185
1.81751
1.8329
1.85743
1.77786
1.81049
1.82421
1.79857
1.76597
1.75335
1.76199
1.74898
1.74052
1.72468
1.73095
1.75216
1.76032
1.75621
1.73604
1.75427
1.75434
1.73208
1.77633
1.79011
1.77853
1.80438
1.80907
1.80663
1.75137
1.8129
1.80674
1.81278
1.82325
1.81681
1.81284
1.82681
1.83415
1.83296
1.82594
1.85137
1.86153
1.85781
1.85067
1.84788
1.8745
1.84634
1.85485
1.88943
1.89054
1.8311
1.83993
1.87637
1.86753
1.85079
1.84669
1.86363
1.87078
1.83333
1.87328
1.84926
1.84452
1.85203
1.86971
1.83549
1.87165
1.83945
1.84316
1.86213
1.78366
1.83592
1.83899
1.8319
1.80677
1.79898
1.83086
1.83321
1.79371
1.84142
1.82706
1.86277
1.85291
1.85692
1.88452
1.87288
1.84667
1.87658
1.89573
1.84957
1.87428
1.85607
1.85789
1.82671
1.81433
1.8173
1.81235
1.81014
1.77502
1.7873
1.79901
1.78149
1.76776
1.79379
1.81049
1.8195
1.82337
1.82815
1.83379
1.8474
1.86076
1.81198
1.82279
1.82797
1.79112
1.80176
1.80831
1.7769
1.78703
1.75712
1.76048
1.78119
1.76611
1.76338
1.77703
1.76318
1.76875
1.74931
1.76677
1.77995
1.74796
1.7817
1.77235
1.72852
1.76457
1.76304
1.74005
1.73844
1.74976
1.7429
1.74716
1.74893
1.71973
1.75368
1.773
1.71644
1.73694
1.7754
1.74256
1.75203
1.74843
1.74443
1.70997
1.77778
1.79374
1.80132
1.81095
1.81336
1.77624
1.80583
1.87752
1.84232
1.82998
1.86912
1.8435
1.8211
1.84264
1.85468
1.80226
1.8497
1.85519
1.85275
1.82823
1.85723
1.85092
1.84954
1.84209
1.81841
1.82421
1.80242
1.7884
1.77351
1.79731
1.76722
1.75922
1.75797
1.801
1.76266
1.72905
1.787
1.80692
1.80303
1.76966
1.82406
1.80134
1.81055
1.82489
1.81285
1.80101
1.7695
1.80442
1.81085
1.77649
1.7801
1.79404
1.78456
1.77111
1.78336
1.80358
1.81019
1.80808
1.82822
1.82874
1.84091
1.83549
1.84595
1.82911
1.76973
1.79138
1.80318
1.73709
1.77324
1.74212
1.738
1.75821
1.74841
1.72409
1.73445
1.77127
1.78235
1.79411
1.77848
1.73644
1.8102
1.81068
1.77587
1.78778
1.81151
1.80494
1.80675
1.78869
1.73954
1.73354
1.7634
1.75585
1.73633
1.6497
1.71248
1.71951
1.72119
1.67974
1.73986
1.73092
1.70351
1.78133
1.78169
1.78129
1.79744
1.82524
1.83424
1.8048
1.78043
1.82249
1.83073
1.81954
1.79982
1.8129
1.79183
1.79081
1.79707
1.80675
1.78457
1.81014
1.79444
1.84075
1.80387
1.776
1.82474
1.82434
1.8079
1.81472
1.81666
1.82028
1.78695
1.82728
1.8285
1.82292
1.78153
1.79439
1.78335
1.7665
1.79202
1.77927
1.71195
1.74857
1.76863
1.75503
1.76862
1.78256
1.78683
1.75869
1.79956
1.76982
1.80543
1.80598
1.84875
1.82492
1.85347
1.81868
1.85643
1.87971
1.84015
1.86347
1.83816
1.81334
1.8278
1.84027
1.79211
1.82204
1.79834
1.80354
1.7797
1.80077
1.77914
1.77219
1.74352
1.73394
1.75559
1.73704
1.71708
1.70618
1.70528
1.71493
1.70315
1.68943
1.68954
1.69837
1.70792
1.6956
1.66881
1.69783
1.66657
1.71017
1.69551
1.70274
1.69749
1.68917
1.67859
1.68613
1.68612
1.6916
1.69474
1.69352
1.70651
1.72059
1.71481
1.7215
1.75339
1.76449
1.7576
1.77393
1.79756
1.76252
1.78388
1.7825
1.77094
1.79589
1.77065
1.80267
1.80474
1.78382
1.79536
1.78037
1.78245
1.7922
1.78585
1.83294
1.79813
1.82652
1.81813
1.81269
1.83194
1.83826
1.84565
1.82589
1.82864
1.80591
1.88532
1.87077
1.87251
1.88078
1.8629
1.77986
1.83473
1.83184
1.79214
1.78984
1.77534
1.74392
1.74416
1.74146
1.76077
1.77618
1.76589
1.75421
1.77638
1.79303
1.7652
1.79405
1.79078
1.76853
1.79345
1.81454
1.79874
1.79937
1.80788
1.79313
1.82397
1.81325
1.80895
1.81021
1.77643
1.78147
1.81256
1.81205
1.79029
1.84138
1.8168
1.84197
1.85942
1.83531
1.84681
1.84217
1.84392
1.83004
1.84934
1.86174
1.83317
1.84753
1.85037
1.86652
1.84558
1.85653
1.8735
1.85991
1.78641
1.8145
1.8148
1.81759
1.81707
1.79479
1.81827
1.80562
1.78963
1.81188
1.82204
1.83854
1.81313
1.84016
1.85587
1.84774
1.82613
1.84065
1.83125
1.82401
1.8574
1.84061
1.81012
1.86048
1.86618
1.83328
1.81694
1.84011
1.83508
1.84484
1.83668
1.83296
1.82944
1.81216
1.82767
1.80826
1.78915
1.81732
1.82466
1.83113
1.82963
1.80597
1.8466
1.82412
1.90836
1.91445
1.9342
1.90936
1.8927
1.88461
1.87422
1.87334
1.86498
1.86265
1.85024
1.80022
1.81822
1.80415
1.82073
1.83743
1.8007
1.83605
1.83054
1.85119
1.86849
1.84812
1.84662
1.88389
1.85769
1.8741
1.86524
1.82977
1.8574
1.81645
1.8463
1.84556
1.82934
1.82319
1.81779
1.81163
1.82293
1.81802
1.80406
1.82311
1.80988
1.81908
1.81508
1.85117
1.86859
1.84801
1.86498
1.8679
1.86052
1.86909
1.85538
1.86195
1.85736
1.85296
1.8628
1.8711
1.83364
1.87099
1.89061
1.87155
1.90352
1.87577
1.89109
1.91874
1.91977
1.92496
1.84596
1.84123
1.86695
1.84296
1.85433
1.83645
1.83156
1.80509
1.82393
1.82299
1.80208
1.8211
1.81829
1.81462
1.81408
1.84911
1.85997
1.84473
1.87501
1.88163
1.86443
1.82489
1.88596
1.9285
1.89398
1.91927
1.82637
1.87853
1.87562
1.84876
1.81315
1.85223
1.84517
1.80974
1.82594
1.85095
1.79645
1.84204
1.87157
1.87072
1.85412
1.8617
1.86978
1.89964
1.89639
1.91186
1.92347
1.88175
1.91212
1.92491
1.95272
1.94291
1.89165
1.91678
1.93837
1.94725
1.92593
1.94678
1.92593
1.93288
1.90712
1.89127
1.92567
1.91432
1.90952
1.89114
1.90317
1.92394
1.86159
1.87977
1.91424
1.91162
1.89136
1.90446
1.91413
1.87608
1.8875
1.8706
1.89807
1.92202
1.88041
1.88031
1.87931
1.88107
1.87963
1.89474
1.89485
1.8652
1.81568
1.90063
1.89705
1.92277
1.89059
1.8914
1.89916
1.8768
1.90743
1.913
1.87828
1.89829
1.88354
1.8783
1.94288
1.8893
1.9055
1.92066
1.88196
1.89948
1.89485
1.86477
1.87428
1.87384
1.87627
1.88434
1.84462
1.82941
1.85029
1.86302
1.84524
1.82922
1.84508
1.81922
1.83981
1.8244
1.79235
1.82514
1.81457
1.76694
1.79003
1.81694
1.80016
1.80659
1.77681
1.75364
1.7863
1.7855
1.79682
1.80682
1.77688
1.77212
1.79725
1.81121
1.82759
1.83458
1.78524
1.81479
1.82688
1.82872
1.77425
1.83639
1.83943
1.82758
1.81736
1.83709
1.84116
1.83923
1.83093
1.81221
1.82412
1.82238
1.80957
1.80884
1.79233
1.79296
1.80525
1.79677
1.81925
1.80691
1.78465
1.77107
1.79798
1.80086
1.73323
1.78947
1.79932
1.79046
1.77899
1.75316
1.79943
1.75724
1.76667
1.76851
1.76481
1.77037
1.7627
1.78133
1.76461
1.75432
1.76712
1.77566
1.74821
1.74331
1.76298
1.7515
1.76806
1.73361
1.73485
1.75962
1.75753
1.7714
1.75903
1.7443
1.77428
1.77104
1.72662
1.74192
1.76035
1.79257
1.7934
1.79456
1.81977
1.83061
1.79093
1.85381
1.85055
1.83647
1.83923
1.85291
1.8399
1.83226
1.82978
1.79091
1.78774
1.81193
1.81362
1.77863
1.75075
1.77105
1.78684
1.78375
1.74813
1.74904
1.75316
1.75388
1.77638
1.78834
1.77677
1.7544
1.76146
1.78478
1.79043
1.77943
1.80278
1.80303
1.8259
1.79235
1.78859
1.79289
1.83585
1.82766
1.78302
1.80364
1.81558
1.81145
1.81344
1.81763
1.80426
1.82423
1.78015
1.86197
1.81967
1.80196
1.80014
1.8259
1.8152
1.76746
1.79059
1.78496
1.79421
1.76941
1.75269
1.74648
1.77998
1.78031
1.76477
1.76951
1.78398
1.78798
1.77259
1.77488
1.8029
1.8344
1.84505
1.83928
1.79211
1.85293
1.78166
1.82957
1.81447
1.79911
1.80894
1.81066
1.79227
