1.40735
1.40731
1.40745
1.40721
1.40728
1.40729
1.40718
1.40735
1.40726
1.40726
1.40717
1.40718
1.40732
1.40729
1.40725
1.40739
1.40731
1.4072
1.4073
1.40713
1.4073
1.40726
1.40745
1.40732
1.40731
1.40729
1.40746
1.40738
1.40744
1.40745
1.40737
1.4074
1.40732
1.40727
1.40741
1.40726
1.4074
1.40729
1.4073
1.40736
1.4073
1.40731
1.40731
1.40726
1.40715
1.40737
1.40714
1.40714
1.40715
1.40731
1.40717
1.40718
1.40723
1.40708
1.40727
1.40704
1.40714
1.40715
1.40708
1.40707
1.40706
1.40704
1.40703
1.40703
1.4071
1.40704
1.40669
1.40714
1.40711
1.4071
1.40711
1.40714
1.40709
1.40713
1.40713
1.40713
1.4071
1.40715
1.40704
1.40697
1.40717
1.40708
1.40712
1.40716
1.40711
1.40714
1.40711
1.40707
1.40704
1.40713
1.40708
1.40708
1.40708
1.40713
1.407
1.4071
1.4071
1.40694
1.40707
1.40693
1.40714
1.40699
1.40703
1.40701
1.40694
1.40703
1.40711
1.40704
1.40706
1.40706
1.4069
1.40705
1.40695
1.40702
1.40692
1.40709
1.40687
1.40689
1.4069
1.40704
1.40702
1.40708
1.40697
1.40702
1.40701
1.40704
1.40703
1.40706
1.40704
1.40705
1.40707
1.40715
1.40715
1.40716
1.40709
1.40719
1.4071
1.40718
1.40713
1.40715
1.40717
1.40711
1.40717
1.4072
1.40712
1.40721
1.40713
1.4071
1.40724
1.40717
1.40722
1.40724
1.40729
1.40725
1.40717
1.40731
1.40717
1.40715
1.40729
1.40724
1.4073
1.40728
1.40732
1.40734
1.40732
1.40741
1.40726
1.40719
1.40737
1.40736
1.4074
1.4074
1.40739
1.40738
1.40735
1.40749
1.40733
1.40742
1.40735
1.40753
1.40727
1.40726
1.40739
1.40745
1.40745
1.40728
1.40725
1.4074
1.40729
1.40734
1.4074
1.40732
1.40733
1.40742
1.4074
1.4074
1.40742
1.40735
1.40731
1.40738
1.40731
1.4074
1.40737
1.40748
1.40736
1.40739
1.40729
1.40737
1.40746
1.40745
1.40744
1.40745
1.40748
1.40739
1.4074
1.40752
1.40733
1.40739
1.40746
1.40742
1.40741
1.4074
1.40726
1.40731
1.40749
1.40717
1.40735
1.40741
1.40729
1.40723
1.40741
1.40737
1.40735
1.40734
1.40744
1.40743
1.40742
1.40737
1.40734
1.40742
1.40722
1.40724
1.40743
1.40731
1.40736
1.40743
1.40739
1.40737
1.40746
1.40718
1.40715
1.40754
1.40724
1.40729
1.40732
1.40735
1.40738
1.40733
1.40739
1.40723
1.40721
1.40724
1.40727
1.40728
1.40727
1.40722
1.40712
1.40718
1.4073
1.40728
1.40719
1.4072
1.40726
1.40729
1.40706
1.40711
1.40721
1.4072
1.40714
1.40721
1.40716
1.40723
1.40727
1.40721
1.40727
1.4071
1.4073
1.40709
1.40715
1.40705
1.40717
1.40718
1.40714
1.40708
1.40701
1.40713
1.40712
1.4071
1.40709
1.40705
1.40705
1.40695
1.40692
1.40705
1.40704
1.4072
1.40705
1.40714
1.40703
1.40718
1.40712
1.40714
1.40711
1.40717
1.40712
1.40714
1.40715
1.40705
1.40718
1.40708
1.4072
1.40717
1.40717
1.4072
1.40721
1.40721
1.40719
1.40718
1.40724
1.40723
1.40718
1.40723
1.40728
1.40719
1.40727
1.40708
1.40716
1.40722
1.40713
1.40715
1.40724
1.40732
1.40712
1.4073
1.40713
1.40722
1.40729
1.40711
1.40716
1.40715
1.40723
1.40717
1.40727
1.40699
1.40704
1.40709
1.40746
1.40723
1.40725
1.4073
1.40726
1.40723
1.40735
1.40722
1.40727
1.40736
1.40731
1.40738
1.40734
1.40741
1.40741
1.40737
1.40737
1.40732
1.4074
1.40715
1.4072
1.40742
1.40744
1.40737
1.40742
1.40739
1.40732
1.40751
1.40745
1.40746
1.40746
1.40748
1.40749
1.40748
1.40747
1.40752
1.40743
1.40756
1.40744
1.40748
1.40744
1.40753
1.40743
1.40745
1.40748
1.40741
1.40746
1.4074
1.40748
1.40746
1.40748
1.40745
1.40742
1.40771
1.40741
1.40748
1.40751
1.40745
1.40751
1.40745
1.40742
1.40739
1.40738
1.40736
1.40732
1.40741
1.40733
1.40735
1.40734
1.4072
1.40718
1.40734
1.40723
1.40736
1.40726
1.40733
1.40724
1.40727
1.40724
1.40726
1.40724
1.40727
1.40714
1.40742
1.40691
1.40699
1.40744
1.40727
1.40727
1.40723
1.40719
1.40716
1.40745
1.40718
1.40729
1.40726
1.40725
1.40725
1.40733
1.40726
1.40737
1.40724
1.40716
1.4073
1.40722
1.40728
1.40734
1.40727
1.40733
1.40727
1.40731
1.40722
1.40724
1.40713
1.40724
1.4072
1.40723
1.40711
1.40723
1.40709
1.40728
1.40708
1.40715
1.40702
1.40717
1.40712
1.40721
1.40721
1.40711
1.40716
1.40731
1.4071
1.40719
1.40719
1.40716
1.40716
1.40708
1.40724
1.40714
1.4071
1.40707
1.40712
1.40704
1.40731
1.40715
1.40715
1.40729
1.40715
1.40733
1.40718
1.40722
1.40727
1.40723
1.40731
1.40722
1.40737
1.40724
1.40731
1.40725
1.40736
1.40736
1.40734
1.40719
1.4072
1.40732
1.4073
1.40725
1.40747
1.40733
1.40735
1.4073
1.40711
1.40734
1.4072
1.40725
1.40736
1.40731
1.40734
1.40732
1.40738
1.40732
1.40733
1.40731
1.40725
1.40726
1.40717
1.40726
1.40733
1.40733
1.40727
1.40736
1.40718
1.40728
1.4073
1.40736
1.40734
1.40732
1.40737
1.40734
1.40724
1.40713
1.40739
1.40735
1.40742
1.40738
1.40734
1.40752
1.40735
1.40744
1.40743
1.40748
1.40743
1.40748
1.40741
1.40743
1.40744
1.40744
1.40742
1.40741
1.40734
1.40737
1.40738
1.40744
1.40736
1.40743
1.40737
1.40741
1.40747
1.40742
1.40734
1.4074
1.40722
1.40743
1.40739
1.4074
1.40734
1.40742
1.4074
1.4074
1.40738
1.40734
1.4074
1.40731
1.40732
1.40738
1.40731
1.40737
1.40729
1.40731
1.40736
1.40736
1.40737
1.40742
1.40743
1.40736
1.40748
1.40728
1.40737
1.40739
1.40732
1.40733
1.40739
1.40731
1.40741
1.40741
1.40741
1.40743
1.40739
1.40733
1.4074
1.4074
1.40742
1.40738
1.40734
1.40724
1.40745
1.40746
1.40755
1.40739
1.40753
1.40743
1.40755
1.40748
1.40751
1.40748
1.40746
1.40748
1.40747
1.40749
1.40749
1.40753
1.40753
1.4075
1.40749
1.40754
1.40752
1.40745
1.40749
1.40755
1.40747
1.40755
1.4075
1.40749
1.40753
1.4075
1.40752
1.40754
1.4075
1.40753
1.40747
1.40736
1.40744
1.40739
1.4074
1.40743
1.40743
1.4073
1.40755
1.40736
1.40736
1.40726
1.40727
1.40744
1.40741
1.40737
1.40751
1.40724
1.40731
1.40741
1.40741
1.40741
1.40739
1.40727
1.40748
1.40745
1.40739
1.40744
1.40746
1.40746
1.40745
1.40742
1.4075
1.40735
1.40737
1.40741
1.40743
1.40739
1.40741
1.40739
1.4074
1.40742
1.40744
1.40721
1.40724
1.4074
1.40737
1.40743
1.40741
1.40743
1.40744
1.40739
1.40746
1.40743
1.40741
1.40742
1.4074
1.40743
1.40725
1.40752
1.40736
1.40744
1.40745
1.40738
1.40735
1.40748
1.40744
1.40745
1.40742
1.40742
1.40734
1.4074
1.40738
1.40743
1.40744
1.40739
1.40738
1.40741
1.4074
1.40741
1.40724
1.40735
1.40729
1.4074
1.40726
1.4073
1.40741
1.40733
1.40734
1.40733
1.40737
1.40742
1.40731
1.40738
1.40733
1.40733
1.40736
1.40741
1.40736
1.40744
1.40732
1.40748
1.40733
1.40722
1.40759
1.40729
1.40739
1.40744
1.40742
1.40738
1.40745
1.40742
1.40748
1.40743
1.40747
1.40745
1.40742
1.40732
1.40731
1.4071
1.40726
1.40755
1.40742
1.40742
1.40747
1.40735
1.40731
1.40738
1.40735
1.40742
1.40737
1.40746
1.40738
1.40734
1.40743
1.40733
1.40736
1.40749
1.40737
1.4074
1.40737
1.40738
1.40749
1.40719
1.40744
1.40733
1.40739
1.40736
1.40728
1.4073
1.40739
1.40736
1.40738
1.40736
1.40739
1.40736
1.40733
1.40735
1.40732
1.40735
1.40735
1.4073
1.40738
1.4073
1.40732
1.40734
1.40734
1.40733
1.40736
1.40724
1.4073
1.40733
1.40737
1.40734
1.40737
1.40733
1.40711
1.40721
1.40744
1.40742
1.40741
1.40741
1.40738
1.40735
1.40735
1.40727
1.4074
1.40727
1.40735
1.40737
1.40733
1.40731
1.40735
1.40737
1.40731
1.40737
1.40729
1.40726
1.40736
1.40728
1.40736
1.40726
1.40727
1.40735
1.40728
1.40735
1.40742
1.40732
1.40739
1.40785
1.40726
1.40742
1.40721
1.4073
1.40737
1.40724
1.40733
1.40733
1.40735
1.40736
1.40732
1.40737
1.40737
1.40723
1.407
1.40706
1.40725
1.40721
1.40731
1.4072
1.40722
1.40721
1.40728
1.40735
1.40723
1.40731
1.40729
1.40731
1.40725
1.40743
1.40717
1.40737
1.40725
1.40745
1.40726
1.40741
1.40727
1.40729
1.40732
1.4073
1.40733
1.40733
1.40729
1.4073
1.4073
1.4073
1.40736
1.40733
1.40739
1.40731
1.40734
1.40742
1.40732
1.40733
1.40726
1.40738
1.40732
1.4074
1.40739
1.40744
1.40739
1.40743
1.40739
1.40732
1.40744
1.40725
1.40722
1.40733
1.40734
1.40744
1.40735
1.40737
1.40732
1.40736
1.40736
1.40728
1.40744
1.40735
1.40732
1.40738
1.40714
1.40737
1.40729
1.40737
1.40731
1.40737
1.40741
1.40736
1.40743
1.40737
1.40739
1.40738
1.40741
1.40734
1.4074
1.40741
1.40735
1.40738
1.40734
1.40747
1.4074
1.40739
1.40736
1.40733
1.40738
1.40745
1.40741
1.40742
1.40738
1.40744
1.40728
1.40738
1.4073
1.40748
1.40724
1.40741
1.40734
1.40745
1.40735
1.40737
1.40734
1.40743
1.40747
1.40742
1.40739
1.40757
1.40732
1.40743
1.40742
1.40745
1.4074
1.40742
1.40735
1.40727
1.40737
1.40729
1.40732
1.40731
1.4073
1.40725
1.40725
1.40735
1.40734
1.40731
1.4074
1.40728
1.40744
1.40733
1.40733
1.40746
1.40726
1.40746
1.40732
1.40736
1.40738
1.40733
1.40741
1.4074
1.40737
1.40742
1.40724
1.4072
1.40739
1.40737
1.40741
1.40733
1.4074
1.40745
1.40736
1.40742
1.40741
1.4073
1.40739
1.40728
1.40746
1.40737
1.40739
1.40738
1.40737
1.40743
1.4074
1.40739
1.40742
1.40744
1.40721
1.40732
1.40743
1.40744
1.40745
1.40742
1.40735
1.4074
1.4074
1.40737
1.40749
1.40734
1.40733
1.40735
1.40745
1.40732
1.40738
1.40755
1.40739
1.40746
1.40746
1.40741
1.40744
1.40738
1.40744
1.40758
1.40735
1.40744
1.40747
1.40737
1.40741
1.40747
1.40739
1.40739
1.40734
1.40737
1.40741
1.40727
1.40748
1.40726
1.40727
1.40742
1.40733
1.40736
1.40752
1.4073
1.40734
1.4073
1.40738
1.40741
1.40736
1.40732
1.40742
1.40731
1.40732
1.40738
1.40735
1.40736
1.40729
1.40738
1.40732
1.40739
1.40726
1.40743
1.40734
1.40739
1.40738
1.40739
1.40731
1.40751
1.40733
1.40739
1.40736
1.40745
1.40737
1.4074
1.40755
1.40741
1.40741
1.40737
1.4074
1.40739
1.40732
1.40736
1.40735
1.40731
1.40742
1.40738
1.40737
1.40731
1.40751
1.40732
1.40739
1.40734
1.40732
1.40723
1.4073
1.40737
1.40726
1.40738
1.40729
1.40727
1.40735
1.40734
1.40727
1.40728
1.40729
1.40728
1.40732
1.40734
1.40729
1.40747
1.40727
1.40734
1.4073
1.40746
1.40743
1.40729
1.4074
1.4073
1.40735
1.40731
1.40728
1.40737
1.40724
1.40732
1.40726
1.40735
1.40731
1.40739
1.40732
1.40738
1.40736
1.40735
1.40732
1.40736
1.40733
1.40737
1.40737
1.4074
1.40738
1.40736
1.40734
1.40736
1.40736
1.40733
1.4074
1.40734
1.40736
1.40739
1.40713
1.40733
1.40735
1.40755
1.40747
1.40742
1.40743
1.40741
1.40746
1.40728
1.40729
1.40746
1.40735
1.40756
1.40733
1.4073
1.40747
1.40738
1.40741
1.40741
1.40735
1.40738
1.40738
1.40733
1.40744
1.40739
1.4075
1.4074
1.4077
1.40737
1.40737
1.40744
1.40753
1.40749
1.40744
1.40747
1.40746
1.40753
1.40743
1.40742
1.40743
1.40724
1.40734
1.40742
1.40749
1.40748
1.40747
1.40745
1.40742
1.4074
1.40739
1.40738
1.40753
1.40739
1.40742
1.40739
1.40741
1.40735
1.40736
1.40738
1.40737
1.40736
1.40731
1.40733
1.40728
1.40739
1.40743
1.40742
1.4074
1.40743
1.40747
1.40742
1.40738
1.40742
1.40736
1.40745
1.40738
1.40733
1.40734
1.40743
1.40743
1.40741
1.40742
1.40731
1.40733
1.40739
1.40738
1.40746
1.40732
1.40739
1.40732
1.4075
1.4073
1.40735
1.40731
1.40732
1.40728
1.40732
1.40726
1.40726
1.40735
1.40726
1.40723
1.40729
1.40733
1.40726
1.40734
1.40724
1.40725
1.40721
1.40725
1.40724
1.40732
1.40729
1.40738
1.40716
1.40713
1.40724
1.4074
1.40725
1.40726
1.40726
1.40727
1.40729
1.4073
1.40726
1.40717
1.40719
1.40716
1.40718
1.40721
1.40718
1.40708
1.40702
1.40724
1.40715
1.40723
1.40714
1.4073
1.40714
1.40728
1.40717
1.40713
1.40716
1.40724
1.40725
1.40726
1.40727
1.40722
1.40738
1.40731
1.40728
1.40738
1.40733
1.40732
1.40738
1.40734
1.40736
1.40729
1.40736
1.40722
1.40723
1.40731
1.40723
1.40724
1.40728
1.40732
1.4073
1.40709
1.40722
1.40727
1.40731
1.40733
1.40723
1.40744
1.40734
1.40737
1.40735
1.40737
1.40732
1.40735
1.40737
1.40735
1.40733
1.4074
1.40741
1.40734
1.40734
1.40736
1.40734
1.40731
1.4074
1.40731
1.40733
1.40739
1.4074
1.4074
1.40738
1.40742
1.40742
1.40732
1.40763
1.40746
1.40715
1.40724
1.40741
1.40731
1.40744
1.40734
1.40745
1.40739
1.40735
1.40741
1.40725
1.40733
1.40737
1.40732
1.4074
1.40742
1.40744
1.40746
1.40741
1.4073
1.40724
1.40725
1.40735
1.40743
1.40732
1.40744
1.40745
1.40754
1.40742
1.40738
1.40747
1.40731
1.40754
1.40737
1.4074
1.40743
1.40741
1.40745
1.40732
1.40748
1.40731
1.40737
1.4074
1.40741
1.40737
1.40744
1.40742
1.40747
1.4074
1.40752
1.40742
1.40722
1.40725
1.40734
1.40742
1.40729
1.40748
1.40731
1.40736
1.40732
1.40736
1.40741
1.40732
1.40735
1.40734
1.40731
1.40733
1.40728
1.4073
1.40728
1.40737
1.40719
1.40735
1.40731
1.40729
1.40737
1.40725
1.40716
1.40727
1.40736
1.4073
1.40735
1.40728
1.40743
1.40726
1.40731
1.40734
1.40732
1.40732
1.40738
1.40729
1.40731
1.40734
1.40737
1.40738
1.40735
1.40737
1.4074
1.40735
1.40736
1.40735
1.40739
1.40737
1.40737
1.40737
1.40741
1.4074
1.40738
1.40738
1.40742
1.40744
1.40739
1.40735
1.4074
1.40745
1.40734
1.40758
1.4073
1.40744
1.40751
1.40743
1.40748
1.40745
1.40747
1.40726
1.40757
1.40729
1.40743
1.40737
1.40738
1.40761
1.40741
1.40745
1.40745
1.40732
1.40745
1.40744
1.4074
1.40739
1.40736
1.40742
1.40733
1.40736
1.40749
1.40736
1.40744
1.40741
1.40745
1.40737
1.40739
1.4073
1.4073
1.4074
1.40732
1.40742
1.4074
1.40733
1.40731
1.40736
1.40734
1.4073
1.40738
1.40733
1.40737
1.40736
1.40734
1.40728
1.40737
1.40727
1.40742
1.4073
1.40734
1.40734
1.40735
1.40734
1.40738
1.40735
1.40732
1.40745
1.40733
1.40734
1.40736
1.40733
1.40728
1.40735
1.40736
1.40739
1.40739
1.40734
1.40719
1.40716
1.40732
1.40749
1.40741
1.40738
1.40735
1.40746
1.40737
1.40755
1.40731
1.40735
1.4074
1.40729
1.40738
1.40746
1.40733
1.4074
1.40729
1.40735
1.4073
1.40731
1.40737
1.40739
1.40739
1.40727
1.40736
1.40741
1.40736
1.40753
1.40735
1.40739
1.4074
1.40738
1.40738
1.40732
1.40742
1.4074
1.40734
1.40741
1.40737
1.40741
1.40734
1.40741
1.40727
1.40727
1.40722
1.40733
1.40736
1.40735
1.40748
1.40735
1.40743
1.40736
1.40729
1.40732
1.40731
1.40744
1.40726
1.40733
1.40732
1.40731
1.40728
1.40722
1.40726
1.40725
1.4073
1.40728
1.40728
1.4073
1.40729
1.40732
1.40724
1.4072
1.40726
1.40726
1.40723
1.4073
1.40724
1.40725
1.40717
1.40733
1.40707
1.40722
1.40721
1.40717
1.4072
1.40724
1.40721
1.40723
1.40724
1.40728
1.40723
1.40722
1.40725
1.40726
1.40732
1.40714
1.40727
1.4073
1.40724
1.40699
1.40692
1.40723
1.40723
1.40728
1.40729
1.40729
1.40733
1.4073
1.40732
1.40715
1.40726
1.40725
1.40737
1.40714
1.40721
1.40723
1.40724
1.40731
1.40725
1.4074
1.40722
1.40739
1.40735
1.40736
1.40738
1.40735
1.40731
1.40749
1.40732
1.40746
1.40735
1.40742
1.40742
1.40742
1.40742
1.40746
1.40743
1.40742
1.40757
1.40738
1.40744
1.40739
1.40747
1.40741
1.40745
1.40755
1.40747
1.40755
1.40749
1.40748
1.4075
1.40754
1.40749
1.40751
1.40749
1.40751
1.40753
1.40748
1.4075
1.40744
1.40759
1.40744
1.40737
1.40753
1.40742
1.4074
1.4075
1.40738
1.40749
1.40742
1.4074
1.40736
1.40735
1.40735
1.40742
1.4074
1.40742
1.4074
1.40734
1.40749
1.40731
1.40738
1.4073
1.40717
1.40735
1.40742
1.4074
1.40741
1.40741
1.40739
1.40731
1.40737
1.40727
1.40725
1.40731
1.40722
1.40724
1.40734
1.40728
1.40732
1.40729
1.40724
1.40704
1.40732
1.40725
1.40729
1.40722
1.40721
1.40725
1.40725
1.40736
1.4074
1.40731
1.40733
1.40737
1.40739
1.40731
1.40748
1.40729
1.40736
1.40734
1.40737
1.40727
1.40737
1.40735
1.40726
1.40737
1.40731
1.40732
1.40732
1.40739
1.40729
1.4074
1.4073
1.40745
1.40726
1.40731
1.40744
1.40736
1.4074
1.40732
1.40745
1.40731
1.4074
1.40736
1.40735
1.40735
1.40731
1.40744
1.40734
1.40731
1.40726
1.40726
1.40732
1.40736
1.40733
1.4073
1.40741
1.4073
1.4073
1.40732
1.40737
1.40733
1.40735
1.40737
1.4073
1.40726
1.40725
1.40722
1.40736
1.40721
1.40723
1.4072
1.40729
1.40717
1.4072
1.40731
1.40725
1.40732
1.40728
1.40729
1.40749
1.40724
1.40727
1.40724
1.40724
1.40729
1.40733
1.40732
1.40725
1.40732
1.40734
1.40726
1.40728
1.40724
1.40766
1.40724
1.40728
1.40713
1.40719
1.40723
1.40718
1.40729
1.40711
1.40726
1.40725
1.40727
1.40723
1.40714
1.40716
1.40733
1.40719
1.40726
1.40723
1.40726
1.40723
1.40728
1.40723
1.4072
1.40713
1.40726
1.40703
1.40718
1.40715
1.40713
1.40716
1.40712
1.40724
1.40725
1.40723
1.40726
1.40721
1.40733
1.40718
1.40729
1.40707
1.40711
1.40721
1.40722
1.40731
1.40728
1.40719
1.40742
1.40727
1.40722
1.40732
1.40726
1.4073
1.40727
1.40735
1.4072
1.40746
1.40727
1.40735
1.40726
1.40747
1.40716
1.40731
1.40733
1.40731
1.40741
1.40727
1.4074
1.40738
1.40732
1.40722
1.40732
1.40735
1.40742
1.40732
1.40748
1.40737
1.40745
1.40739
1.40738
1.40745
1.40739
1.40741
1.40741
1.40742
1.40736
1.40731
1.4074
1.40741
1.4074
1.40741
1.40736
1.40742
1.40744
1.40735
1.40757
1.40736
1.40746
1.40742
1.40744
1.40745
1.40746
1.40742
1.40746
1.40742
1.4074
1.40741
1.40739
1.40734
1.40731
1.40731
1.40735
1.40723
1.40727
1.40739
1.40728
1.40747
1.40733
1.40735
1.40743
1.40736
1.40749
1.40732
1.40736
1.40724
1.40719
1.40729
1.40717
1.40711
1.40721
1.40717
1.40729
1.40721
1.40728
1.40727
1.40728
1.40728
1.4072
1.40729
1.40708
1.4073
1.40718
1.40728
1.4073
1.40729
1.40723
1.4074
1.40718
1.40731
1.40739
1.40739
1.40732
1.4074
1.40723
1.40727
1.40739
1.40729
1.40731
1.40734
1.40732
1.40732
1.40748
1.40739
1.40733
1.40742
1.40732
1.40735
1.40737
1.40735
1.40717
1.40719
1.40739
1.40742
1.40738
1.40734
1.40733
1.4073
1.40731
1.40719
1.40731
1.40711
1.40716
1.40726
1.40713
1.40729
1.40714
1.40714
1.40723
1.40728
1.40725
1.40726
1.40733
1.40723
1.4073
1.4072
1.40729
1.40723
1.40725
1.40716
1.40725
1.40721
1.40718
1.40715
1.40719
1.40725
1.40718
1.4072
1.40724
1.40722
1.40727
1.40718
1.40734
1.40725
1.40721
1.40718
1.40721
1.40725
1.40726
1.40731
1.40724
1.4072
1.40733
1.40723
1.40728
1.40716
1.40714
1.40719
1.40722
1.40722
1.40725
1.40723
1.40719
1.40721
1.40711
1.40718
1.40723
1.40717
1.40721
1.40724
1.40713
1.4073
1.40717
1.40729
1.40712
1.40732
1.40727
1.40733
1.40731
1.40723
1.40724
1.40736
1.4072
1.40722
1.40714
1.40727
1.40705
1.40706
1.40722
1.40725
1.40726
1.40716
1.40732
1.40731
1.40727
1.4073
1.40735
1.40729
1.40735
1.40728
1.40731
1.40739
1.40723
1.40749
1.40732
1.4073
1.40735
1.40735
1.40736
1.40741
1.40738
1.40739
1.40744
1.40739
1.40745
1.40738
1.40746
1.40739
1.40737
1.40746
1.40743
1.40719
1.40721
1.40741
1.40741
1.40738
1.4074
1.40742
1.40741
1.40734
1.40746
1.40733
1.40732
1.40746
1.40732
1.40742
1.40743
1.40734
1.40738
1.40733
1.40724
1.40725
1.40725
1.4073
1.40733
1.40741
1.40741
1.4073
1.40726
1.40741
1.40745
1.40733
1.40739
1.40739
1.40735
1.40731
1.40734
1.40742
1.40737
1.40729
1.40727
1.40714
1.40709
1.40734
1.40748
1.40732
1.40789
1.40741
1.40736
1.40726
1.40734
1.40734
1.40731
1.40734
1.40726
1.40722
1.40717
1.40694
1.40725
1.40714
1.4072
1.40723
1.40729
1.40712
1.40721
1.40726
1.40719
1.40738
1.40718
1.40723
1.40712
1.40709
1.40725
1.40714
1.40711
1.40708
1.4072
1.40705
1.40717
1.40703
1.40704
1.40713
1.40707
1.40709
1.40709
1.40715
1.40708
1.40711
1.40691
1.40703
1.40713
1.40708
1.40713
1.40706
1.40701
1.40712
1.40693
1.407
1.40704
1.40701
1.40705
1.40706
1.40699
1.40699
1.40704
1.407
1.40693
1.40686
1.40727
1.40687
1.40715
1.407
1.40714
1.407
1.40694
1.40709
1.40696
1.40703
1.40691
1.40686
1.40698
1.40701
1.40698
1.40659
1.40692
1.40704
1.40718
1.40712
1.40704
1.40704
1.4071
1.40719
1.40723
1.40718
1.40711
1.40711
1.40724
1.40718
1.40725
1.40717
1.40713
1.4074
1.40727
1.40732
1.4074
1.4073
1.40732
1.40742
1.40737
1.40736
1.40745
1.4074
1.40736
1.40737
1.40728
1.40739
1.40737
1.4073
1.40724
1.40722
1.4073
1.40733
1.40733
1.40725
1.40744
1.40736
1.40736
1.40731
1.40753
1.40728
1.40735
1.40727
1.40731
1.40733
1.4074
1.40738
1.40734
1.40741
1.40739
1.40737
1.40739
1.40737
1.40734
1.40734
1.40737
1.40747
1.40734
1.40737
1.40733
1.40734
1.4073
1.4072
1.40732
1.40712
1.40728
1.40727
1.40722
1.40733
1.40716
1.40741
1.4073
1.40729
1.40734
1.40728
1.40737
1.40731
1.40731
1.40732
1.40734
1.40727
1.40733
1.40731
1.40725
1.40735
1.40725
1.40741
1.40738
1.40733
1.4074
1.40737
1.40737
1.40747
1.4074
1.40738
1.40744
1.40733
1.40748
1.40746
1.40748
1.40745
1.40742
1.40739
1.40755
1.40738
1.40744
1.40742
1.40748
1.40741
1.4075
1.40749
1.40748
1.40749
1.40746
1.40748
1.4075
1.40752
1.40755
1.40749
1.4075
1.40746
1.40755
1.40744
1.4074
1.40746
1.40745
1.40746
1.4074
1.40739
1.4075
1.40743
1.40739
1.40753
1.40746
1.40752
1.40741
1.40751
1.40738
1.40741
1.40735
1.40734
1.40742
1.40733
1.40735
1.40735
1.40736
1.40738
1.40737
1.40727
1.40756
1.40723
1.40734
1.40719
1.40718
1.40725
1.40723
1.40736
1.40731
1.40737
1.40736
1.4074
1.40728
1.40729
1.40731
1.40734
1.40736
1.40735
1.40732
1.40732
1.40726
1.4072
1.40729
1.40729
1.40731
1.40717
1.40727
1.40707
1.40722
1.40718
1.40723
1.40725
1.40737
1.40735
1.40747
