1.2138
1.2191
1.18673
1.20224
1.19076
1.22023
1.21241
1.16687
1.19043
1.20751
1.18732
1.18658
1.19336
1.20486
1.21201
1.18951
1.22452
1.23754
1.208
1.24608
1.22337
1.22311
1.24005
1.2705
1.25321
1.23009
1.23012
1.24185
1.22558
1.22258
1.22403
1.19922
1.20408
1.20847
1.18229
1.2149
1.18157
1.19903
1.21742
1.20737
1.20885
1.19978
1.18627
1.1959
1.2065
1.15011
1.16097
1.16517
1.17595
1.15634
1.17805
1.19116
1.1905
1.20837
1.1731
1.21661
1.2244
1.22106
1.22666
1.20371
1.21679
1.23728
1.231
1.23769
1.22684
1.18866
1.23829
1.23843
1.23844
1.24035
1.23215
1.22151
1.225
1.22589
1.22565
1.21819
1.21358
1.21463
1.23249
1.23121
1.20245
1.22308
1.21962
1.22908
1.22935
1.20814
1.21125
1.23052
1.23582
1.22495
1.23421
1.24323
1.23676
1.23054
1.25494
1.2566
1.27389
1.27583
1.22897
1.27196
1.25152
1.27773
1.27129
1.23813
1.24694
1.2512
1.25506
1.2698
1.26493
1.25553
1.25435
1.23277
1.26766
1.2574
1.25005
1.21972
1.23191
1.19712
1.21297
1.21372
1.19014
1.19054
1.21841
1.20294
1.19914
1.21552
1.23822
1.21766
1.21747
1.21394
1.21438
1.22477
1.22587
1.21692
1.22267
1.21695
1.21765
1.2027
1.20774
1.21869
1.22443
1.20689
1.18789
1.20997
1.21523
1.18984
1.21126
1.21997
1.19724
1.20081
1.19264
1.18746
1.18419
1.20624
1.20644
1.14974
1.17734
1.20124
1.18003
1.19224
1.18906
1.18306
1.17609
1.18855
1.19623
1.16584
1.16899
1.17081
1.1413
1.16739
1.16829
1.17497
1.16823
1.17448
1.18259
1.16393
1.20963
1.2233
1.22671
1.20316
1.21781
1.20945
1.21731
1.21705
1.21302
1.19987
1.20233
1.20138
1.20951
1.18785
1.17195
1.18737
1.19402
1.19758
1.19468
1.18971
1.17136
1.2012
1.22057
1.20578
1.21689
1.22207
1.23524
1.23332
1.24831
1.2332
1.23483
1.22146
1.23286
1.22537
1.22323
1.21908
1.22076
1.22775
1.21519
1.18553
1.21344
1.22267
1.20664
1.20642
1.21167
1.21877
1.2263
1.20169
1.18559
1.2189
1.22697
1.23717
1.21888
1.22932
1.22656
1.23435
1.22713
1.2396
1.25354
1.25457
1.24783
1.26516
1.27964
1.26972
1.26502
1.2825
1.29733
1.26263
1.24345
1.2657
1.26747
1.25316
1.23882
1.25718
1.22192
1.21448
1.26546
1.24305
1.23305
1.24234
1.25203
1.25661
1.23237
1.23985
1.22221
1.23094
1.26479
1.26734
1.25891
1.26594
1.26009
1.2557
1.28554
1.28187
1.26642
1.24702
1.2599
1.277
1.27219
1.26031
1.27013
1.25025
1.25311
1.24883
1.25978
1.2614
1.25039
1.25846
1.25197
1.27046
1.2489
1.26323
1.25228
1.25867
1.24409
1.25068
1.25817
1.23415
1.24001
1.23947
1.23475
1.21991
1.21147
1.21312
1.17469
1.1709
1.19369
1.192
1.20682
1.18764
1.20178
1.17881
1.19335
1.18708
1.1957
1.18598
1.19282
1.18016
1.18759
1.1837
1.18462
1.18348
1.15708
1.1824
1.17626
1.19363
1.20062
1.1934
1.19001
1.19138
1.20224
1.20647
1.19937
1.20588
1.20506
1.19657
1.21457
1.22584
1.20625
1.20103
1.20576
1.24491
1.2475
1.23096
1.24026
1.23045
1.25635
1.21942
1.24147
1.25167
1.24771
1.27602
1.25367
1.23905
1.24412
1.24699
1.23381
1.23488
1.22879
1.21926
1.17572
1.21832
1.21778
1.21298
1.21178
1.20744
1.16792
1.1911
1.20203
1.18686
1.19989
1.19315
1.20073
1.19009
1.18791
1.20082
1.19159
1.18873
1.19002
1.17786
1.18785
1.18747
1.19507
1.20484
1.18239
1.16244
1.18145
1.18439
1.18915
1.17211
1.16881
1.17007
1.15627
1.15794
1.15716
1.15526
1.17644
1.15829
1.18204
1.19225
1.1772
1.15783
1.18957
1.20189
1.18878
1.18708
1.16731
1.18417
1.19833
1.19336
1.19415
1.20421
1.20451
1.1526
1.1952
1.2075
1.20818
1.20275
1.18617
1.18637
1.18603
1.18979
1.19055
1.2071
1.21652
1.19625
1.20059
1.20741
1.21857
1.2134
1.19945
1.18826
1.1948
1.1979
1.20975
1.17839
1.16994
1.17555
1.17658
1.17694
1.17657
1.17851
1.1767
1.11559
1.17981
1.20179
1.16123
1.17968
1.19834
1.20527
1.18728
1.19051
1.165
1.20049
1.18903
1.18896
1.19493
1.19911
1.20323
1.21624
1.20336
1.23505
1.21908
1.19608
1.23665
1.21799
1.21169
1.22807
1.2282
1.22862
1.22013
1.23151
1.21721
1.24508
1.25315
1.26729
1.2699
1.27303
1.26025
1.28637
1.25474
1.28315
1.28876
1.28543
1.26587
1.28222
1.2511
1.24076
1.25679
1.2236
1.20655
1.24635
1.22609
1.22618
1.24071
1.23363
1.24473
1.24043
1.25651
1.2623
1.23501
1.22716
1.24926
1.20674
1.22753
1.22646
1.21667
1.2321
1.19969
1.2244
1.23151
1.22392
1.23054
1.23877
1.25356
1.22619
1.22907
1.21475
1.24412
1.24599
1.24944
1.26066
1.24732
1.24002
1.25867
1.24991
1.26349
1.2499
1.26755
1.25017
1.20949
1.24591
1.23534
1.22773
1.22241
1.21038
1.21568
1.21705
1.20922
1.1899
1.18595
1.18458
1.1895
1.17778
1.17694
1.17922
1.16702
1.18221
1.18168
1.18622
1.16397
1.16814
1.16924
1.18906
1.18272
1.19284
1.20288
1.19538
1.19674
1.17539
1.20957
1.21697
1.21707
1.20622
1.211
1.20877
1.16572
1.20776
1.21468
1.20553
1.18321
1.19222
1.18762
1.19723
1.19868
1.19865
1.1965
1.19239
1.1778
1.17293
1.18359
1.19525
1.16731
1.17497
1.15996
1.17284
1.18358
1.1509
1.15769
1.18001
1.13234
1.16694
1.16546
1.17212
1.16463
1.15065
1.1317
1.15454
1.15637
1.1548
1.15338
1.13596
1.1428
1.15097
1.15206
1.15887
1.14744
1.15805
1.14302
1.12554
1.14051
1.1428
1.14069
1.14297
1.15101
1.13001
1.14436
1.1484
1.15366
1.16369
1.17663
1.15201
1.16305
1.17975
1.17774
1.18252
1.18454
1.1826
1.18239
1.17625
1.19007
1.20441
1.20701
1.17426
1.1797
1.22148
1.21745
1.1952
1.20211
1.18493
1.19534
1.17624
1.18126
1.18035
1.17947
1.17707
1.17481
1.17559
1.17595
1.17211
1.16652
1.16311
1.15934
1.15354
1.14955
1.15585
1.14118
1.11814
1.11891
1.13901
1.1334
1.14566
1.13838
1.14106
1.15604
1.16521
1.17621
1.17948
1.16798
1.19257
1.21282
1.1866
1.18582
1.19457
1.19215
1.17942
1.19357
1.14488
1.15789
1.17751
1.17485
1.16801
1.17883
1.18559
1.18564
1.16559
1.17265
1.17778
1.19089
1.19052
1.167
1.16513
1.17604
1.145
1.15001
1.15931
1.14872
1.15128
1.16483
1.1734
1.17711
1.15661
1.15707
1.16067
1.17924
1.18776
1.1769
1.16467
1.16438
1.16443
1.17229
1.17199
1.16123
1.15994
1.18662
1.17973
1.1738
1.17994
1.17893
1.18231
1.18286
1.17095
1.17892
1.17853
1.17118
1.18336
1.19077
1.17546
1.12792
1.18477
1.16693
1.13224
1.13491
1.15839
1.14048
1.14384
1.16058
1.15676
1.15093
1.15571
1.14257
1.16276
1.17302
1.174
1.17109
1.17965
1.18522
1.18366
1.1784
1.18939
1.17315
1.17164
1.14997
1.18086
1.1846
1.14363
1.15306
1.16387
1.16804
1.15923
1.14819
1.16122
1.15776
1.14689
1.14202
1.16958
1.17206
1.17439
1.167
1.18171
1.16897
1.18995
1.1937
1.15496
1.21245
1.18373
1.16636
1.18816
1.19623
1.17725
1.18277
1.17656
1.18086
1.17989
1.18726
1.19267
1.18039
1.12412
1.16995
1.18739
1.15318
1.16757
1.16846
1.16337
1.18074
1.16598
1.15551
1.18261
1.16521
1.1636
1.15153
1.17077
1.18041
1.15243
1.16007
1.17073
1.15731
1.18043
1.18591
1.17858
1.16897
1.15719
1.19223
1.16702
1.20056
1.19992
1.20163
1.19604
1.18978
1.19347
1.20945
1.20379
1.19098
1.17984
1.17987
1.18156
1.18611
1.18791
1.18287
1.17503
1.16619
1.16161
1.17699
1.17998
1.18187
1.17977
1.17191
1.16068
1.18392
1.1917
1.18573
1.18014
1.18829
1.19031
1.1704
1.15649
1.1397
1.16829
1.17577
1.18235
1.1836
1.1926
1.19699
1.19824
1.20199
1.18665
1.21855
1.2152
1.19085
1.18864
1.19654
1.20013
1.19188
1.19404
1.18693
1.20979
1.20633
1.18427
1.20648
1.20099
1.18793
1.18662
1.17613
1.1894
1.19302
1.18288
1.18649
1.16254
1.12491
1.19213
1.15655
1.18972
1.19643
1.16561
1.17695
1.18563
1.18912
1.18403
1.19604
1.19721
1.18992
1.18687
1.20626
1.17472
1.22581
1.24398
1.21812
1.20814
1.23469
1.20525
1.19503
1.20115
1.17975
1.18805
1.17857
1.17675
1.17146
1.16264
1.14087
1.17767
1.1607
1.18318
1.15495
1.16766
1.14514
1.16434
1.17179
1.17486
1.18647
1.18326
1.17538
1.1861
1.18821
1.1832
1.19332
1.19552
1.1902
1.16642
1.18873
1.20712
1.18765
1.17574
1.17059
1.18416
1.17645
1.18904
1.17241
1.17549
1.17564
1.18321
1.17602
1.18183
1.18708
1.13211
1.16299
1.16715
1.15226
1.15624
1.13881
1.14747
1.1456
1.15505
1.14848
1.14675
1.15666
1.12948
1.14634
1.17131
1.1547
1.14709
1.13823
1.16205
1.15724
1.15948
1.15855
1.16422
1.17189
1.16166
1.18407
1.18471
1.18634
1.19019
1.20148
1.19283
1.20021
1.20874
1.19547
1.20894
1.18437
1.19003
1.18164
1.18432
1.19158
1.17198
1.15532
1.15787
1.17581
1.17481
1.1364
1.17689
1.1814
1.15888
1.15161
1.1861
1.1548
1.1648
1.1574
1.17047
1.16394
1.15974
1.13836
1.14187
1.1496
1.14859
1.11321
1.12898
1.12051
1.1246
1.11818
1.12547
1.12606
1.14029
1.13765
1.12309
1.14781
1.15387
1.15769
1.15403
1.14898
1.14456
1.1547
1.16992
1.16003
1.13545
1.16186
1.15588
1.17514
1.16895
1.14529
1.16614
1.13665
1.16259
1.16624
1.16031
1.17434
1.17713
1.18746
1.21401
1.21123
1.22052
1.22555
1.21308
1.2067
1.20875
1.2262
1.19501
1.16998
1.19422
1.19624
1.19652
1.18755
1.16503
1.19786
1.1735
1.19333
1.19649
1.18221
1.18587
1.18356
1.18208
1.17924
1.16494
1.16737
1.17939
1.15768
1.17542
1.17224
1.17805
1.17946
1.16458
1.1608
1.17934
1.16523
1.13549
1.16563
1.17176
1.16257
1.15311
1.16488
1.16562
1.14471
1.17074
1.17083
1.179
1.19342
1.18816
1.19444
1.20097
1.19371
1.22653
1.20809
1.19706
1.21647
1.18693
1.16291
1.18312
1.17654
1.14363
1.12871
1.14628
1.15093
1.10721
1.14013
1.1443
1.13862
1.14887
1.14315
1.1152
1.14219
1.15192
1.14349
1.13213
1.14832
1.16947
1.16945
1.15019
1.17337
1.18119
1.18425
1.19762
1.20272
1.20541
1.1871
1.20643
1.21431
1.21386
1.19662
1.23557
1.22626
1.21014
1.21353
1.22477
1.17571
1.20085
1.21632
1.19389
1.15738
1.16586
1.17179
1.15684
1.16659
1.16004
1.15656
1.14854
1.15691
1.17984
1.18493
1.19127
1.19904
1.18821
1.20813
1.22769
1.22455
1.18871
1.21985
1.22336
1.21981
1.20102
1.21616
1.21832
1.20482
1.2191
1.20569
1.2159
1.21814
1.2078
1.20438
1.20197
1.18282
1.17489
1.18053
1.17659
1.18219
1.18048
1.14143
1.17577
1.18865
1.18273
1.15595
1.16531
1.18822
1.17088
1.18994
1.20476
1.19732
1.19228
1.18532
1.20385
1.19283
1.21312
1.22571
1.22198
1.19814
1.20893
1.21851
1.22729
1.21578
1.20615
1.2076
1.21785
1.2193
1.22729
1.23057
1.22989
1.23603
1.23452
1.22625
1.22732
1.23597
1.22028
1.21363
1.20898
1.20539
1.21031
1.18062
1.21014
1.17452
1.20348
1.24107
1.24966
1.23625
1.22824
1.25183
1.25371
1.2413
1.25147
1.22908
1.24892
1.2341
1.21097
1.23639
1.23066
1.20975
1.21479
1.22166
1.22142
1.20637
1.19313
1.22625
1.22411
1.22549
1.17993
1.20046
1.2119
1.21034
1.18714
1.19091
1.20508
1.20627
1.20798
1.20127
1.21957
1.21698
1.19981
1.21079
1.20376
1.22926
1.204
1.20361
1.21892
1.22603
1.22312
1.21566
1.21264
1.21531
1.19862
1.22071
1.21405
1.20368
1.19433
1.18852
1.18945
1.19239
1.18454
1.1764
1.16717
1.14768
1.15999
1.15727
1.1565
1.15102
1.14748
1.14728
1.14762
1.16813
1.17796
1.17617
1.18931
1.17899
1.17758
1.17133
1.16715
1.17583
1.18129
1.17912
1.148
1.15013
1.17789
1.17593
1.15519
1.13529
1.16158
1.1722
1.18167
1.15947
1.18699
1.1834
1.18093
1.1873
1.2007
1.21857
1.22837
1.22307
1.22148
1.22241
1.24297
1.26397
1.2608
1.25879
1.25213
1.27778
1.25564
1.26027
1.25922
1.2399
1.23108
1.2396
1.24068
1.2388
1.21792
1.22237
1.19417
1.21785
1.22734
1.21738
1.2003
1.19405
1.2035
1.20831
1.18992
1.18639
1.21037
1.20529
1.19449
1.1972
1.20407
1.20897
1.19611
1.2055
1.21019
1.21616
1.1977
1.22188
1.20837
1.2252
1.19493
1.19021
1.20526
1.19332
1.18153
1.17801
1.17181
1.14414
1.16878
1.18221
1.16959
1.18457
1.19793
1.18998
1.19183
1.19564
1.21522
1.2225
1.25326
1.23346
1.21707
1.23068
1.23054
1.2347
1.22243
1.22919
1.21871
1.1905
1.21209
1.19837
1.20434
1.20594
1.16577
1.19486
1.21095
1.21613
1.20543
1.21753
1.21907
1.20231
1.21432
1.2211
1.20181
1.19816
1.21676
1.20502
1.1743
1.18505
1.20452
1.16428
1.17879
1.20175
1.18827
1.18091
1.18185
1.18857
1.19423
1.20825
1.22432
1.17016
1.1947
1.22252
1.20935
1.22047
1.21122
1.17808
1.2057
1.19373
1.2138
1.21935
1.18449
1.2038
1.21505
1.21531
1.22548
1.22542
1.23392
1.23426
1.23189
1.24366
1.23167
1.24656
1.23094
1.20321
1.21971
1.25756
1.22634
1.21068
1.20933
1.21905
1.22322
1.21102
1.2299
1.20411
1.21944
1.22228
1.22732
1.23761
1.23568
1.24856
1.23157
1.24679
1.24146
1.22669
1.21141
1.21869
1.21582
1.20857
1.18976
1.1952
1.18236
1.1953
1.19649
1.19062
1.20553
1.17163
1.17467
1.16828
1.20361
1.19649
1.19836
1.19326
1.16933
1.18405
1.18859
1.18413
1.17445
1.16552
1.18308
1.19068
1.18159
1.17135
1.19544
1.17943
1.21491
1.2063
1.17904
1.1914
1.20854
1.21266
1.20356
1.21647
1.21949
1.22115
1.19601
1.21425
1.20685
1.20104
1.21781
1.23703
1.22665
1.22017
1.21636
1.22134
1.20971
1.20121
1.20498
1.19812
1.18721
1.1882
1.18862
1.18429
1.16758
1.16927
1.17958
1.17866
1.1729
1.17381
1.17705
1.18183
1.17291
1.18003
1.20611
1.1894
1.1776
1.17974
1.19215
1.14584
1.18491
1.20359
1.19525
1.205
1.20986
1.22192
1.20406
1.22523
1.19805
1.23297
1.22425
1.22619
1.22157
1.19433
1.21106
1.1978
1.16352
1.18628
1.18781
1.18929
1.17989
1.19114
1.17745
1.14933
1.18724
1.1917
1.16901
1.18051
1.16747
1.17314
1.17156
1.17743
1.17461
1.16789
1.17464
1.18018
1.19448
1.1749
1.16696
1.19932
1.20473
1.17687
1.18584
1.19496
1.18116
1.18964
1.18884
1.18531
1.18956
1.19146
1.17743
1.19959
1.17913
1.19481
1.1902
1.1852
1.17157
1.16491
1.16201
1.17794
1.17859
1.15286
1.17596
1.18027
1.16454
1.18049
1.18041
1.17316
1.20222
1.1987
1.17418
1.19458
1.2049
1.17676
1.18049
1.17831
1.19183
1.18918
1.18062
1.16949
1.17965
1.14694
1.17705
1.15746
1.14126
1.17923
1.16886
1.15523
1.18626
1.17359
1.20073
1.21521
1.20372
1.20975
1.23264
1.24232
1.22592
1.22673
1.21869
1.23277
1.24216
1.21648
1.24247
1.23879
1.2247
1.21762
1.22617
1.22845
1.21425
1.23112
1.2361
1.22524
1.2255
1.22392
1.23166
1.2298
1.24661
1.20497
1.21103
1.22802
1.22372
1.22061
1.19648
1.21412
1.20846
1.21457
1.21167
1.22193
1.23828
1.18524
1.207
1.21614
1.19905
1.17732
1.1689
1.17466
1.16599
1.16035
1.14979
1.15397
1.1681
1.17355
1.17081
1.15736
1.16951
1.16956
1.15472
1.18422
1.19341
1.18569
1.20292
1.20604
1.20442
1.16758
1.2086
1.20449
1.20852
1.2155
1.21121
1.20856
1.21787
1.22277
1.22197
1.2173
1.23425
1.24102
1.23854
1.23378
1.23192
1.24967
1.23089
1.23657
1.25962
1.26036
1.22073
1.22662
1.25091
1.24502
1.23386
1.23113
1.24242
1.24718
1.22222
1.24885
1.23284
1.22968
1.23469
1.24647
1.22366
1.24777
1.2263
1.22877
1.24142
1.18911
1.22395
1.22599
1.22127
1.20452
1.19932
1.22057
1.22214
1.1958
1.22761
1.21804
1.24185
1.23528
1.23795
1.25634
1.24858
1.23112
1.25105
1.26382
1.23304
1.24952
1.23738
1.23859
1.2178
1.20956
1.21153
1.20824
1.20676
1.18334
1.19153
1.19934
1.18766
1.1785
1.19586
1.20699
1.213
1.21558
1.21877
1.22253
1.2316
1.24051
1.20799
1.21519
1.21865
1.19408
1.20117
1.20554
1.1846
1.19135
1.17141
1.17365
1.18746
1.17741
1.17559
1.18469
1.17545
1.17917
1.16621
1.17784
1.18663
1.1653
1.1878
1.18157
1.15235
1.17638
1.17536
1.16003
1.15896
1.16651
1.16193
1.16477
1.16595
1.14649
1.16912
1.182
1.14429
1.15796
1.1836
1.16171
1.16802
1.16562
1.16295
1.13998
1.18519
1.19583
1.20088
1.2073
1.2089
1.18416
1.20389
1.25168
1.22822
1.21999
1.24608
1.229
1.21406
1.22842
1.23645
1.20151
1.23313
1.23679
1.23517
1.21882
1.23815
1.23395
1.23303
1.22806
1.21227
1.21614
1.20161
1.19227
1.18234
1.1982
1.17815
1.17281
1.17198
1.20066
1.1751
1.1527
1.19133
1.20461
1.20202
1.17977
1.21604
1.2009
1.20704
1.21659
1.20856
1.20067
1.17966
1.20295
1.20723
1.18432
1.18673
1.19603
1.18971
1.18074
1.18891
1.20239
1.20679
1.20538
1.21881
1.21916
1.22727
1.22366
1.23063
1.21941
1.17982
1.19425
1.20212
1.15806
1.18216
1.16141
1.15867
1.17214
1.1656
1.14939
1.1563
1.18084
1.18823
1.19607
1.18566
1.15762
1.2068
1.20712
1.18391
1.19186
1.20767
1.2033
1.2045
1.19246
1.15969
1.15569
1.1756
1.17057
1.15755
1.0998
1.14165
1.14634
1.14746
1.11983
1.15991
1.15395
1.13567
1.18755
1.18779
1.18753
1.19829
1.21682
1.22283
1.2032
1.18695
1.215
1.22049
1.21303
1.19988
1.2086
1.19456
1.19387
1.19805
1.2045
1.18971
1.20676
1.19629
1.22717
1.20258
1.184
1.21649
1.21622
1.20526
1.20982
1.2111
1.21352
1.1913
1.21819
1.219
1.21528
1.18769
1.19626
1.1889
1.17766
1.19468
1.18618
1.1413
1.16571
1.17909
1.17002
1.17908
1.18837
1.19122
1.17246
1.19971
1.17988
1.20362
1.20399
1.2325
1.21661
1.23565
1.21245
1.23762
1.25314
1.22677
1.24231
1.22544
1.20889
1.21853
1.22685
1.19474
1.21469
1.19889
1.20236
1.18647
1.20051
1.18609
1.18146
1.16235
1.15596
1.1704
1.15803
1.14472
1.13746
1.13685
1.14329
1.13544
1.12629
1.12636
1.13224
1.13861
1.1304
1.11254
1.13189
1.11104
1.14011
1.13034
1.13516
1.13166
1.12612
1.11906
1.12409
1.12408
1.12773
1.12983
1.12901
1.13768
1.14706
1.14321
1.14767
1.16893
1.17632
1.17173
1.18262
1.19838
1.17501
1.18925
1.18834
1.18063
1.19726
1.18044
1.20178
1.20316
1.18921
1.19691
1.18692
1.1883
1.1948
1.19057
1.22196
1.19875
1.21768
1.21209
1.20846
1.22129
1.22551
1.23044
1.21726
1.2191
1.20394
1.25688
1.24718
1.24834
1.25386
1.24194
1.18657
1.22315
1.22123
1.19476
1.19323
1.18356
1.16261
1.16277
1.16097
1.17385
1.18412
1.17726
1.16948
1.18425
1.19536
1.1768
1.19603
1.19385
1.17902
1.19564
1.20969
1.19916
1.19958
1.20526
1.19542
1.21598
1.20883
1.20596
1.2068
1.18429
1.18765
1.20837
1.20803
1.19353
1.22759
1.2112
1.22798
1.23961
1.22354
1.23121
1.22811
1.22928
1.22003
1.23289
1.24116
1.22212
1.23169
1.23358
1.24434
1.23038
1.23768
1.249
1.23994
1.19094
1.20966
1.20986
1.21172
1.21138
1.19653
1.21218
1.20375
1.19309
1.20792
1.2147
1.22569
1.20875
1.22677
1.23725
1.23182
1.21742
1.2271
1.22083
1.216
1.23827
1.22707
1.20674
1.24032
1.24412
1.22219
1.21129
1.22674
1.22339
1.22989
1.22446
1.22197
1.21963
1.20811
1.21845
1.20551
1.19276
1.21155
1.21644
1.22076
1.21975
1.20398
1.23107
1.21608
1.27224
1.2763
1.28947
1.27291
1.2618
1.25641
1.24948
1.2489
1.24332
1.24177
1.23349
1.20014
1.21214
1.20277
1.21382
1.22495
1.20047
1.22403
1.22036
1.23412
1.24566
1.23208
1.23108
1.25592
1.23846
1.2494
1.24349
1.21985
1.23827
1.21097
1.23087
1.23037
1.21956
1.21546
1.21186
1.20775
1.21529
1.21202
1.2027
1.21541
1.20659
1.21272
1.21005
1.23411
1.24573
1.23201
1.24332
1.24527
1.24035
1.24606
1.23692
1.2413
1.23824
1.23531
1.24187
1.2474
1.22242
1.24732
1.2604
1.2477
1.26902
1.25051
1.26072
1.27916
1.27985
1.2833
1.23064
1.22749
1.24463
1.22864
1.23622
1.2243
1.22104
1.2034
1.21596
1.21533
1.20138
1.21406
1.21219
1.20975
1.20939
1.23274
1.23998
1.22982
1.25001
1.25442
1.24295
1.21659
1.25731
1.28567
1.26266
1.27951
1.21758
1.25235
1.25042
1.2325
1.20876
1.23482
1.23011
1.20649
1.2173
1.23397
1.19763
1.22803
1.24771
1.24714
1.23608
1.24113
1.24652
1.26643
1.26426
1.27457
1.28231
1.2545
1.27475
1.28327
1.30181
1.29527
1.2611
1.27785
1.29225
1.29817
1.28395
1.29785
1.28395
1.28858
1.27142
1.26085
1.28378
1.27622
1.27301
1.26076
1.26878
1.28263
1.24106
1.25318
1.27616
1.27442
1.26091
1.26964
1.27609
1.25072
1.25833
1.24707
1.26538
1.28135
1.25361
1.25354
1.25287
1.25405
1.25309
1.26316
1.26323
1.24347
1.21045
1.26708
1.2647
1.28185
1.26039
1.26094
1.2661
1.2512
1.27162
1.27533
1.25219
1.26553
1.25569
1.2522
1.29525
1.25953
1.27033
1.28044
1.25464
1.26632
1.26323
1.24318
1.24952
1.24922
1.25085
1.25623
1.22974
1.21961
1.23353
1.24201
1.23016
1.21948
1.23005
1.21281
1.22654
1.21627
1.1949
1.21676
1.20971
1.17796
1.19336
1.21129
1.2001
1.20439
1.18454
1.16909
1.19087
1.19033
1.19788
1.20455
1.18458
1.18141
1.19817
1.20747
1.21839
1.22306
1.19016
1.20986
1.21792
1.21915
1.18283
1.22426
1.22629
1.21838
1.21157
1.22472
1.22744
1.22616
1.22062
1.20814
1.21608
1.21492
1.20638
1.20589
1.19488
1.19531
1.2035
1.19784
1.21283
1.20461
1.18977
1.18071
1.19865
1.20057
1.15549
1.19298
1.19954
1.19364
1.18599
1.16878
1.19962
1.17149
1.17778
1.17901
1.17654
1.18025
1.17514
1.18755
1.17641
1.16955
1.17808
1.18378
1.16548
1.16221
1.17532
1.16766
1.17871
1.15574
1.15656
1.17308
1.17169
1.18093
1.17269
1.16286
1.18286
1.18069
1.15108
1.16128
1.17357
1.19505
1.1956
1.19637
1.21318
1.22041
1.19396
1.23588
1.2337
1.22432
1.22615
1.23527
1.2266
1.2215
1.21985
1.19394
1.19183
1.20795
1.20908
1.18575
1.16717
1.1807
1.19123
1.18917
1.16542
1.16603
1.16877
1.16925
1.18425
1.19223
1.18452
1.1696
1.1743
1.18986
1.19362
1.18629
1.20185
1.20202
1.21727
1.1949
1.19239
1.19526
1.2239
1.21844
1.18868
1.20243
1.21039
1.20763
1.20896
1.21176
1.20284
1.21615
1.18677
1.24131
1.21311
1.2013
1.20009
1.21726
1.21013
1.1783
1.19372
1.18997
1.19614
1.17961
1.16846
1.16432
1.18666
1.18687
1.17651
1.17967
1.18932
1.19199
1.18173
1.18325
1.20194
1.22293
1.23003
1.22619
1.19474
1.23529
1.18777
1.21971
1.20965
1.19941
1.20596
1.2071
1.19485
