Bins: 120
Nblocks: 500
0 0
0 0
0 0
0 0
0 0
0 0
0 0
0 0
0 0
0 0
0 0
0 0
0 0
0 0
0 0
0 0
0 0
0 0
0 0
0 0
0 0
0 0
0 0
0 0
0 0
0 0
0 0
0 0
0 0
0 0
0 0
0 0
0 0
0 0
0 0
0 0
0 0
0 0
0 0
0 0
0 0
3.69035e-05 4.32328e-06
0.0011887 2.53768e-05
0.0147637 9.61946e-05
0.0882431 0.000259692
0.306504 0.000561688
0.716176 0.000968933
1.25814 0.00117738
1.80154 0.00132017
2.22819 0.00127058
2.48517 0.00113314
2.57517 0.00106466
2.53876 0.00101495
2.41701 0.0010585
2.2511 0.00103963
2.06764 0.00102226
1.88519 0.00099898
1.71265 0.00105025
1.55446 0.000934278
1.41671 0.000873821
1.29308 0.000842772
1.18643 0.00078322
1.0949 0.000702701
1.01653 0.000645708
0.9481 0.000628798
0.890527 0.00057854
0.842807 0.000552127
0.800888 0.000513768
0.767158 0.000517359
0.738741 0.000504518
0.716649 0.000490882
0.699027 0.000492727
0.685397 0.00047032
0.676667 0.000486347
0.671141 0.000480572
0.670545 0.000476885
0.673023 0.000496621
0.680098 0.00049654
0.689654 0.000506356
0.703732 0.0004784
0.72056 0.000483585
0.740768 0.000464452
0.764841 0.000471536
0.791562 0.000492261
0.820813 0.000511805
0.851382 0.00050217
0.884498 0.000533173
0.918227 0.000500346
0.952268 0.000517101
0.985357 0.000516279
1.01944 0.000522236
1.05156 0.000517206
1.08208 0.000490925
1.11184 0.000508372
1.13864 0.000484738
1.16357 0.000451184
1.1835 0.000460114
1.19866 0.00045323
1.20984 0.000439102
1.21545 0.000445588
1.21439 0.000479311
1.20882 0.00049225
1.1993 0.000474229
1.18418 0.000484652
1.16589 0.000487128
1.14617 0.000482752
1.12331 0.000491071
1.101 0.000471302
1.0767 0.000486123
1.0535 0.00046066
1.03157 0.000436005
1.01056 0.000444608
0.990552 0.000427712
0.972321 0.000438702
0.955675 0.000393351
0.942119 0.000391995
0.929469 0.000380941
0.919109 0.00037203
0.910565 0.000369158
0.904906 0.000355657
