0.812427
0.817334
0.820264
0.82467
0.832698
0.841151
0.839187
0.821636
0.797496
0.780739
0.776267
0.777501
0.778177
0.78231
0.794655
0.806604
0.808343
0.806386
0.81779
0.849163
0.883943
0.897106
0.879943
0.844221
0.806648
0.777872
0.766413
0.771783
0.781647
0.78775
0.786946
0.776511
0.75866
0.741235
0.731066
0.731686
0.745124
0.770209
0.800886
0.82872
0.845458
0.848472
0.842955
0.836049
0.830594
0.828038
0.830116
0.836977
0.846797
0.854436
0.85317
0.837443
0.804526
0.759476
0.719986
0.707486
0.727362
0.769843
0.819403
0.856419
0.862762
0.83829
0.806525
0.792705
0.793475
0.791643
0.782424
0.772685
0.772564
0.785767
0.803487
0.814141
0.816017
0.816168
0.818819
0.819252
0.812555
0.799389
0.784635
0.776389
0.78213
0.7986
0.80968
0.802329
0.779415
0.75647
0.748783
0.759798
0.784691
0.81837
0.851906
0.873019
0.877896
0.870858
0.854935
0.829873
0.797237
0.767129
0.753221
0.757628
0.77446
0.792543
0.802788
0.805454
0.80409
0.802292
0.804152
0.810749
0.81978
0.829877
0.839785
0.843928
0.837064
0.821808
0.804648
0.788203
0.776265
0.775936
0.788836
0.805988
0.815307
0.809467
0.785608
0.746793
0.710355
0.698738
0.717172
0.754555
0.794376
0.823666
0.838212
0.839092
0.829727
0.814825
0.800405
0.79598
0.811763
0.848156
0.891597
0.917646
0.905449
0.85508
0.789561
0.742139
0.733743
0.758056
0.791222
0.813121
0.818564
0.815103
0.812612
0.81479
0.817901
0.813311
0.800898
0.793275
0.793584
0.796594
0.810672
0.844832
0.882751
0.896216
0.872522
0.820615
0.762647
0.719063
0.700133
0.706648
0.729523
0.758475
0.790537
0.82152
0.840006
0.836687
0.812472
0.780895
0.765846
0.785318
0.829254
0.870422
0.8918
0.889057
0.864846
0.83112
0.806631
0.801623
0.8088
0.814055
0.810824
0.801867
0.791084
0.783023
0.781694
0.783215
0.778209
0.765357
0.75948
0.775195
0.803151
0.818912
0.809878
0.787516
0.778788
0.798092
0.834185
0.86589
0.874715
0.853246
0.811671
0.772243
0.753523
0.757521
0.774219
0.795688
0.81647
0.832501
0.84614
0.860928
0.87316
0.874684
0.861383
0.835183
0.801103
0.767835
0.750301
0.760114
0.791348
0.821696
0.833023
0.82382
0.801242
0.773448
0.749412
0.735908
0.733051
0.737815
0.748048
0.762792
0.783715
0.813124
0.846588
0.871624
0.876327
0.855284
0.8131
0.765889
0.733241
0.726234
0.747278
0.789071
0.83239
0.859138
0.862254
0.844891
0.816781
0.790288
0.775165
0.775612
0.788348
0.803042
0.813479
0.822981
0.834747
0.844263
0.84239
0.820438
0.779203
0.736683
0.71508
0.719836
0.741042
0.765119
0.781457
0.784613
0.776666
0.76956
0.777632
0.804234
0.834728
0.848487
0.83701
0.809252
0.784044
0.77729
0.792902
0.821707
0.845289
0.849945
0.837056
0.816431
0.79634
0.782423
0.775154
0.767839
0.758211
0.755555
0.767181
0.787542
0.805714
0.814719
0.813015
0.80426
0.796448
0.796877
0.805812
0.819329
0.830932
0.833545
0.823312
0.805136
0.792893
0.796666
0.810532
0.818406
0.807705
0.780485
0.757426
0.759194
0.779966
0.801932
0.816309
0.824169
0.83105
0.84105
0.853306
0.863145
0.862767
0.844837
0.81125
0.777833
0.762219
0.767999
0.784352
0.795402
0.7952
0.791764
0.792836
0.798871
0.804117
0.798281
0.777308
0.750739
0.73124
0.73079
0.757573
0.805647
0.857893
0.896057
0.906618
0.888839
0.861696
0.848079
0.849314
0.847354
0.827576
0.792243
0.757881
0.741284
0.746014
0.762375
0.779187
0.791112
0.795254
0.788723
0.773684
0.755479
0.738419
0.729112
0.734838
0.753962
0.77483
0.787385
0.792095
0.794616
0.797438
0.801629
0.806834
0.810835
0.814003
0.817062
0.815925
0.808832
0.803871
0.810166
0.828089
0.849959
0.864616
0.865021
0.852333
0.831921
0.808274
0.791349
0.791245
0.800885
0.801356
0.78297
0.759803
0.761998
0.792104
0.821043
0.836543
0.840692
0.832768
0.8155
0.798739
0.792142
0.801324
0.823614
0.846198
0.854038
0.837005
0.792513
0.737597
0.707398
0.716798
0.752201
0.797208
0.837794
0.865661
0.879715
0.878777
0.85921
0.824003
0.788796
0.769195
0.764258
0.763359
0.761595
0.760766
0.763795
0.773028
0.791165
0.820981
0.852451
0.86792
0.865592
0.856258
0.846622
0.836381
0.82583
0.814517
0.795788
0.76379
0.723976
0.690882
0.680943
0.706447
0.764658
0.830814
0.873608
0.876651
0.84634
0.805561
0.77766
0.772673
0.787944
0.813107
0.836329
0.85079
0.855215
0.85423
0.855456
0.862241
0.870198
0.867177
0.842795
0.802193
0.762165
0.732278
0.70876
0.689842
0.686469
0.712354
0.76197
0.811077
0.842131
0.855266
0.859772
0.861599
0.858988
0.849359
0.834896
0.824982
0.819009
0.801936
0.784904
0.79811
0.831748
0.848089
0.834393
0.809677
0.801455
0.81945
0.847401
0.859201
0.838768
0.788496
0.728911
0.687569
0.682421
0.708598
0.743701
0.772063
0.790738
0.804066
0.819811
0.841125
0.864005
0.880403
0.879421
0.853969
0.813647
0.787981
0.799601
0.833885
0.863256
0.877272
0.872513
0.84513
0.800169
0.757175
0.740278
0.752151
0.772124
0.781373
0.775935
0.767122
0.768404
0.780673
0.793872
0.79982
0.801216
0.805121
0.811112
0.812967
0.807899
0.799237
0.794786
0.798081
0.802038
0.798065
0.78515
0.773144
0.774082
0.79042
0.813629
0.833731
0.848717
0.860146
0.863943
0.851089
0.819174
0.777923
0.744726
0.737573
0.763011
0.803997
0.83339
0.838025
0.824182
0.802562
0.774975
0.741461
0.711727
0.697623
0.704427
0.735929
0.785307
0.832016
0.863371
0.879831
0.882541
0.872741
0.859663
0.853116
0.851259
0.841933
0.815952
0.779508
0.752982
0.751925
0.772374
0.800017
0.822136
0.831101
0.827748
0.818919
0.81117
0.805806
0.802428
0.804231
0.812366
0.821996
0.825931
0.816768
0.79138
0.7566
0.730078
0.727204
0.746679
0.775756
0.800364
0.810147
0.799712
0.775023
0.754391
0.754014
0.776748
0.810478
0.837689
0.85141
0.858534
0.868959
0.883456
0.889108
0.873617
0.838155
0.793396
0.751646
0.725389
0.724021
0.742993
0.765416
0.776908
0.776324
0.774135
0.779924
0.792548
0.801644
0.79762
0.782038
0.77006
0.778311
0.808638
0.846712
0.874016
0.878987
0.859036
0.819122
0.775338
0.75291
0.763311
0.790177
0.810747
0.819941
0.82737
0.838315
0.844916
0.836826
0.81409
0.787175
0.766677
0.756564
0.757258
0.768655
0.787047
0.805502
0.815443
0.810084
0.791375
0.767907
0.747751
0.735093
0.729612
0.727745
0.725769
0.726542
0.736047
0.749588
0.758322
0.764049
0.77782
0.807802
0.847639
0.880042
0.89017
0.875101
0.844596
0.813095
0.790417
0.779768
0.781264
0.794336
0.813722
0.831137
0.843917
0.853103
0.857611
0.85554
0.848799
0.839969
0.825921
0.803974
0.782443
0.772666
0.772645
0.767758
0.749318
0.727754
0.724832
0.752821
0.802454
0.849754
0.874809
0.872491
0.850452
0.821054
0.793885
0.771683
0.754606
0.747699
0.757257
0.781303
0.810744
0.836357
0.850668
0.850835
0.841215
0.829876
0.820235
0.810757
0.80081
0.79154
0.783744
0.77863
0.778589
0.785434
0.799542
0.817729
0.831662
0.833129
0.820106
0.795664
0.76448
0.73352
0.715919
0.728348
0.766432
0.80358
0.822817
0.822385
0.806083
0.784311
0.769614
0.764682
0.770633
0.794123
0.829337
0.854235
0.850855
0.821771
0.791898
0.787853
0.808892
0.831874
0.839379
0.830157
0.811806
0.796298
0.795457
0.809765
0.828147
0.839444
0.837227
0.81869
0.78743
0.756472
0.740197
0.742253
0.755434
0.770644
0.781732
0.786436
0.788401
0.790937
0.789746
0.783224
0.782116
0.797353
0.819044
0.822479
0.802143
0.782489
0.789343
0.821923
0.861141
0.891631
0.907693
0.909101
0.896565
0.870849
0.835289
0.796241
0.760052
0.732434
0.720584
0.726107
0.742822
0.765154
0.788189
0.806556
0.81651
0.813598
0.797185
0.777464
0.770672
0.785415
0.816682
0.850394
0.871725
0.871566
0.848871
0.811962
0.776917
0.755488
0.747942
0.752803
0.768936
0.789636
0.805407
0.811348
0.810567
0.807872
0.80303
0.795685
0.789163
0.788246
0.796794
0.815201
0.836879
0.850562
0.849156
0.832533
0.8055
0.776119
0.755443
0.754613
0.775357
0.805993
0.828966
0.831786
0.813473
0.782864
0.751844
0.731316
0.729967
0.749389
0.777235
0.796086
0.79993
0.798077
0.806659
0.833286
0.867724
0.892703
0.898454
0.884979
0.857888
0.824129
0.789595
0.760169
0.742125
0.742994
0.766153
0.799629
0.827362
0.838847
0.830236
0.80675
0.77923
0.758212
0.749276
0.751343
0.759695
0.771633
0.787011
0.804536
0.820039
0.830044
0.835728
0.840952
0.843476
0.836703
0.823081
0.813287
0.811711
0.814747
0.816305
0.811134
0.800525
0.790588
0.78402
0.784594
0.797901
0.819048
0.838762
0.852427
0.856388
0.846235
0.818999
0.778103
0.737927
0.720377
0.73827
0.780029
0.820046
0.84102
0.840262
0.82587
0.808764
0.80039
0.80843
0.824283
0.831579
0.824227
0.808548
0.793468
0.782584
0.774881
0.772814
0.782836
0.802202
0.822259
0.839116
0.850401
0.853408
0.846763
0.829969
0.808164
0.792246
0.784648
0.7821
0.7868
0.798169
0.8094
0.818999
0.826632
0.826819
0.815656
0.794602
0.772278
0.762654
0.77131
0.789711
0.807617
0.822309
0.836081
0.849103
0.857356
0.854748
0.835457
0.804018
0.781683
0.779222
0.781651
0.777419
0.772036
0.774194
0.785109
0.798673
0.807797
0.808955
0.801615
0.786224
0.765857
0.749586
0.749422
0.768904
0.799808
0.826769
0.834156
0.817715
0.789347
0.768816
0.770008
0.79234
0.821334
0.837578
0.831123
0.810607
0.796703
0.7997
0.805832
0.799404
0.786209
0.783026
0.796829
0.821031
0.845876
0.863849
0.865619
0.843526
0.804108
0.766101
0.741064
0.730744
0.738833
0.767324
0.805488
0.834313
0.844433
0.841532
0.832707
0.819888
0.806927
0.798152
0.793187
0.791306
0.794828
0.803081
0.808134
0.8015
0.783689
0.762927
0.74641
0.742576
0.762276
0.798625
0.83055
0.848435
0.854706
0.853375
0.842798
0.817806
0.789043
0.783798
0.795869
0.800204
0.79826
0.801869
0.812479
0.820973
0.817381
0.800081
0.779988
0.772439
0.783642
0.807681
0.831844
0.840251
0.820126
0.779835
0.747901
0.743548
0.763747
0.792232
0.816734
0.837197
0.855032
0.865155
0.862039
0.844076
0.813135
0.774044
0.735869
0.71296
0.718712
0.754101
0.805313
0.852525
0.878292
0.876943
0.856922
0.833302
0.819244
0.818495
0.822622
0.819503
0.803088
0.776059
0.750803
0.743037
0.759921
0.794726
0.833289
0.862477
0.877652
0.882221
0.877002
0.858027
0.824753
0.785253
0.752578
0.735363
0.731727
0.735267
0.745171
0.764995
0.793489
0.824815
0.8507
0.861767
0.85334
0.827806
0.793951
0.764703
0.750124
0.753444
0.772222
0.7979
0.819235
0.82824
0.825383
0.819042
0.81592
0.817831
0.8238
0.830248
0.830426
0.819101
0.799508
0.782409
0.776254
0.780253
0.788929
0.801121
0.818471
0.836186
0.843371
0.833283
0.809875
0.783928
0.765646
0.762117
0.776609
0.804302
0.830368
0.839904
0.827783
0.801981
0.779186
0.769419
0.767845
0.768035
0.771119
0.777153
0.781845
0.782107
0.779607
0.78004
0.788474
0.803696
0.820118
0.832458
0.838555
0.839935
0.837198
0.828742
0.816125
0.805694
0.800914
0.797008
0.78723
0.773834
0.768258
0.778389
0.803839
0.837845
0.868673
0.884042
0.877554
0.854399
0.826015
0.800845
0.783668
0.776147
0.777396
0.78962
0.809728
0.819255
0.803149
0.764546
0.72098
0.69404
0.694324
0.718099
0.756913
0.798933
0.828679
0.839098
0.840977
0.844568
0.845031
0.840314
0.837188
0.844448
0.863333
0.88329
0.888544
0.869522
0.829514
0.7831
0.752898
0.760026
0.798192
0.833628
0.840437
0.820007
0.788533
0.758777
0.735721
0.724218
0.730711
0.753594
0.782622
0.811453
0.83916
0.859573
0.86285
0.846515
0.818481
0.790434
0.771114
0.763837
0.76765
0.779533
0.796306
0.812995
0.82225
0.821076
0.812788
0.802855
0.796036
0.797733
0.809741
0.827118
0.842212
0.847123
0.838277
0.818725
0.797592
0.786578
0.79021
0.798465
0.797782
0.788431
0.770536
0.739602
0.711451
0.708633
0.733222
0.770878
0.805834
0.824932
0.825967
0.81849
0.812693
0.813475
0.823558
0.846813
0.881373
0.909634
0.908539
0.870801
0.813972
0.76905
0.754466
0.761925
0.772081
0.775894
0.776154
0.779945
0.790585
0.803628
0.811762
0.810378
0.800569
0.787512
0.777144
0.777072
0.796497
0.838512
0.889426
0.923325
0.920886
0.877607
0.804057
0.725269
0.672726
0.666013
0.696089
0.733241
0.756171
0.766807
0.778291
0.795763
0.814754
0.832242
0.847923
0.861103
0.871459
0.8708
0.852934
0.829182
0.816739
0.823526
0.843773
0.864352
0.874329
0.869532
0.850908
0.819127
0.777252
0.739002
0.721612
0.727567
0.745999
0.767917
0.790543
0.80967
0.817947
0.810679
0.789506
0.762626
0.742541
0.739851
0.754809
0.775082
0.787459
0.788452
0.783305
0.780606
0.78342
0.786742
0.786946
0.786601
0.789285
0.798415
0.817555
0.842143
0.860566
0.864695
0.852051
0.826934
0.798843
0.775787
0.76075
0.755403
0.760544
0.770944
0.779861
0.785551
0.790098
0.797318
0.803603
0.803042
0.795674
0.78448
0.778126
0.786143
0.807782
0.832479
0.847761
0.848967
0.839035
0.81963
0.793037
0.773627
0.77814
0.802912
0.829033
0.839765
0.828094
0.797419
0.759058
0.729487
0.727572
0.761954
0.816563
0.862275
0.877644
0.860841
0.831336
0.810392
0.800335
0.793534
0.788344
0.784466
0.776792
0.764885
0.754666
0.753275
0.766625
0.793534
0.824692
0.849098
0.860285
0.857943
0.845011
0.823963
0.796451
0.769065
0.756746
0.771799
0.810578
0.856016
0.885646
0.887132
0.864057
0.827282
0.792587
0.777807
0.786842
0.806471
0.820147
0.818549
0.805315
0.796458
0.806306
0.829822
0.8473
0.84598
0.82537
0.789926
0.747447
0.715251
0.714059
0.736737
0.760512
0.783815
0.803931
0.808696
0.801186
0.790849
0.78382
0.787537
0.81032
0.848368
0.886424
0.910112
0.908864
0.88056
0.840594
0.811351
0.799119
0.79882
0.801211
0.795449
0.77702
0.751571
0.734776
0.741931
0.771697
0.80654
0.8308
0.839487
0.837211
0.834212
0.835566
0.836037
0.828038
0.811165
0.792864
0.783177
0.783436
0.786543
0.794586
0.811032
0.826226
0.827913
0.813157
0.787961
0.763887
0.752071
0.758623
0.779406
0.802212
0.820412
0.834385
0.841262
0.835255
0.81221
0.773847
0.734136
0.71511
0.733667
0.784925
0.840469
0.875628
0.891448
0.896951
0.889849
0.869876
0.847148
0.827462
0.810072
0.7937
0.778893
0.765112
0.752068
0.744192
0.745165
0.751935
0.758592
0.763452
0.769128
0.779329
0.795257
0.807845
0.802965
0.778993
0.754613
0.753967
0.778027
0.809673
0.836271
0.852885
0.857561
0.851653
0.84109
0.830233
0.81966
0.812595
0.81379
0.819259
0.818825
0.80719
0.78709
0.765267
0.749359
0.747358
0.764431
0.792593
0.808239
0.79773
0.775851
0.767783
0.77864
0.798914
0.821794
0.844506
0.865645
0.879302
0.87649
0.857079
0.832836
0.817693
0.814777
0.813611
0.805021
0.79097
0.77571
0.759353
0.742316
0.731449
0.734408
0.750048
0.770054
0.783658
0.786451
0.784462
0.789134
0.807435
0.833228
0.85027
0.845208
0.817594
0.780169
0.752352
0.748209
0.765229
0.791431
0.821602
0.851493
0.868406
0.864075
0.845008
0.824976
0.811933
0.806534
0.808188
0.819081
0.84066
0.862859
0.866903
0.8424
0.79519
0.740167
0.691898
0.665022
0.671849
0.709474
0.758188
0.797831
0.820498
0.831076
0.839694
0.85148
0.863083
0.866886
0.856418
0.831994
0.803484
0.785777
0.787419
0.805344
0.828913
0.846703
0.851721
0.840953
0.81366
0.77396
0.738728
0.72793
0.738001
0.756831
0.774693
0.78365
0.782986
0.781236
0.786776
0.79759
0.80685
0.81022
0.804807
0.791668
0.778612
0.773861
0.778182
0.784892
0.787228
0.786356
0.790488
0.806749
0.834334
0.863463
0.880195
0.876975
0.859481
0.839139
0.822985
0.810574
0.799448
0.793229
0.799485
0.82106
0.852577
0.878299
0.881568
0.857394
0.813488
0.765223
0.727737
0.713016
0.726489
0.760329
0.796637
0.818529
0.814941
0.784708
0.747338
0.73834
0.77492
0.832907
0.872783
0.872938
0.840772
0.80824
0.804666
0.825588
0.848663
0.858517
0.849267
0.825784
0.803925
0.800057
0.810688
0.815722
0.806684
0.786809
0.76252
0.747691
0.750891
0.767924
0.790671
0.811423
0.822696
0.817537
0.79304
0.758942
0.742736
0.766631
0.814789
0.85216
0.859055
0.834514
0.790369
0.752425
0.748505
0.77972
0.820741
0.848072
0.853331
0.838908
0.814844
0.794089
0.786013
0.793856
0.810402
0.819208
0.80845
0.781643
0.75393
0.74083
0.749225
0.773614
0.801743
0.820745
0.81986
0.796369
0.761338
0.736032
0.737937
0.767995
0.812603
0.853185
0.876354
0.881652
0.876669
0.863618
0.839802
0.809579
0.784082
0.768379
0.760653
0.76333
0.781754
0.813827
0.847849
0.869828
0.873386
0.861486
0.84188
0.824807
0.814737
0.804281
0.787381
0.767052
0.745685
0.724175
0.709486
0.703923
0.700347
0.701693
0.718528
0.750951
0.790558
0.827611
0.853508
0.867185
0.877572
0.891437
0.900742
0.892335
0.863354
0.823292
0.792713
0.787138
0.795327
0.799389
0.795122
0.7846
0.772296
0.765645
0.767576
0.772192
0.773594
0.770097
0.762133
0.756027
0.763791
0.787494
0.810838
0.817215
0.807149
0.79351
0.790834
0.804063
0.820743
0.823992
0.808147
0.783155
0.769536
0.782234
0.815906
0.850737
0.870809
0.874181
0.866054
0.848645
0.822185
0.793457
0.776142
0.779106
0.80043
0.824087
0.832336
0.822857
0.803147
0.7815
0.764386
0.756356
0.7587
0.769879
0.792143
0.825857
0.862067
0.888178
0.894465
0.874662
0.827142
0.762015
0.709412
0.701872
0.738222
0.788044
0.824883
0.838527
0.830859
0.816126
0.811854
0.822828
0.843144
0.861021
0.865333
0.852437
0.82774
0.799818
0.772632
0.746583
0.726503
0.722214
0.738081
0.768937
0.807742
0.845105
0.865464
0.859069
0.833588
0.807575
0.792046
0.785121
0.78465
0.792539
0.804785
0.811714
0.809672
0.804207
0.801009
0.798896
0.793581
0.788171
0.782623
0.767412
0.746626
0.738845
0.755813
0.792198
0.832651
0.86372
0.880668
0.885123
0.881107
0.871444
0.85351
0.825912
0.797172
0.778301
0.770053
0.763349
0.752219
0.740625
0.735021
0.735992
0.739236
0.744975
0.765953
0.809716
0.854661
0.872346
0.856619
0.825016
0.801947
0.797
0.805923
0.823049
0.841213
0.850636
0.84433
0.825321
0.807457
0.802834
0.809431
0.816047
0.81418
0.80277
0.7876
0.776687
0.774576
0.779977
0.78594
0.785632
0.780533
0.779664
0.790911
0.813315
0.838011
0.853647
0.85092
0.829373
0.798017
0.770067
0.756632
0.758621
0.763425
0.758759
0.746435
0.740622
0.751318
0.775814
0.81013
0.850157
0.885703
0.904115
0.899177
0.877912
0.857361
0.848824
0.843213
0.821398
0.779096
0.733146
0.705762
0.708129
0.735329
0.770265
0.794084
0.799496
0.791526
0.780425
0.778956
0.796767
0.831017
0.865608
0.882404
0.872003
0.836076
0.78718
0.74456
0.726863
0.739295
0.769578
0.801496
0.823931
0.834205
0.836101
0.834247
0.829958
0.820837
0.806709
0.790688
0.774785
0.765293
0.776142
0.81119
0.853755
0.881573
0.882666
0.85935
0.823363
0.788638
0.764709
0.752556
0.749691
0.757028
0.776527
0.803145
0.825404
0.832671
0.81719
0.781313
0.743302
0.724377
0.731937
0.760866
0.800399
0.836442
0.858783
0.865104
0.856872
0.83566
0.802763
0.762692
0.728588
0.717382
0.734587
0.76833
0.800203
0.819336
0.823938
0.815631
0.798879
0.783035
0.779225
0.79209
0.815504
0.839849
0.859742
0.870791
0.867877
0.84838
0.815758
0.781475
0.759876
0.755421
0.758074
0.761787
0.774313
0.801398
0.834607
0.857416
0.857245
0.833226
0.796345
0.764943
0.75515
0.767966
0.789538
0.806433
0.814122
0.814181
0.813065
0.814827
0.810716
0.796051
0.779557
0.773795
0.782757
0.799985
0.816901
0.822401
0.809143
0.787662
0.77986
0.792824
0.811212
0.816251
0.802706
0.785127
0.787419
0.812637
0.842059
0.860133
0.859283
0.838718
0.805856
0.774164
0.756617
0.758342
0.775627
0.797481
0.812727
0.820902
0.829062
0.841452
0.853847
0.856023
0.840849
0.810437
0.772921
0.738323
0.719866
0.729391
0.764946
0.809224
0.843056
0.859141
0.862102
0.853687
0.825783
0.776128
0.728973
0.723807
0.773183
0.849406
0.912607
0.935376
0.909732
0.847057
0.776431
0.730341
0.725473
0.757426
0.802881
0.832017
0.829232
0.801485
0.767048
0.740668
0.728355
0.730371
0.744984
0.76891
0.793951
0.812149
0.821702
0.823849
0.820945
0.819546
0.82468
0.826502
0.814192
0.792841
0.77709
0.77654
0.789451
0.807444
0.822425
0.83008
0.83238
0.839899
0.856019
0.863563
0.84928
0.819301
0.785238
0.752377
0.723453
0.708913
0.724234
0.775338
0.84408
0.897143
0.91193
0.890184
0.852349
0.821343
0.808149
0.81083
0.82201
0.830561
0.824795
0.804001
0.779017
0.759938
0.745204
0.725088
0.702208
0.699821
0.731181
0.778621
0.821682
0.852595
0.869836
0.875012
0.868377
0.845807
0.807409
0.765877
0.74353
0.758649
0.805246
0.853487
0.875255
0.863946
0.834581
0.80775
0.796537
0.804985
0.825957
0.844166
0.848015
0.836027
0.814722
0.792368
0.774372
0.76435
0.762669
0.765636
0.77015
0.773621
0.774063
0.774978
0.780387
0.786841
0.787926
0.782987
0.776344
0.773903
0.781081
0.79688
0.814902
0.830686
0.841948
0.846689
0.847046
0.847583
0.847965
0.846223
0.839304
0.821951
0.796963
0.773322
0.755706
0.745548
0.744667
0.749797
0.758921
0.778894
0.810224
0.836724
0.844282
0.837368
0.828915
0.827454
0.83911
0.860501
0.87065
0.85196
0.809998
0.766177
0.740631
0.741387
0.761488
0.786437
0.803705
0.804308
0.786781
0.766104
0.76254
0.779091
0.805105
0.825962
0.832054
0.822892
0.803756
0.783331
0.770811
0.768791
0.770008
0.766484
0.762477
0.770942
0.792367
0.810089
0.812585
0.806353
0.805295
0.814944
0.831071
0.848142
0.864236
0.873668
0.865061
0.834871
0.792718
0.751329
0.718416
0.698486
0.698378
0.724244
0.768907
0.811143
0.831125
0.822318
0.794189
0.766321
0.755426
0.763564
0.782434
0.803699
0.820836
0.832101
0.841597
0.850949
0.857573
0.865438
0.881767
0.898539
0.896925
0.866695
0.814367
0.759762
0.720497
0.702989
0.704576
0.716242
0.731295
0.750044
0.775159
0.803166
0.824206
0.832883
0.832414
0.82999
0.827824
0.821147
0.806726
0.788811
0.777273
0.781316
0.799224
0.817128
0.820321
0.804003
0.776926
0.759176
0.765827
0.790732
0.814977
0.823482
0.813367
0.793028
0.777038
0.779566
0.804349
0.838328
0.86036
0.859027
0.837885
0.810583
0.793586
0.790977
0.792301
0.790322
0.786147
0.785287
0.790748
0.79794
0.801952
0.802567
0.795837
0.778663
0.765119
0.771756
0.794844
0.815814
0.825343
0.828744
0.82962
0.825875
0.817679
0.807734
0.802109
0.807542
0.82037
0.829498
0.828293
0.818422
0.806135
0.796732
0.793835
0.800658
0.813144
0.820488
0.818164
0.808905
0.796693
0.785813
0.779806
0.780478
0.788965
0.804355
0.817749
0.817507
0.800916
0.776781
0.756878
0.747684
0.750868
0.76558
0.790145
0.823125
0.858296
0.882651
0.884776
0.86496
0.834057
0.807077
0.798924
0.811575
0.826891
0.826848
0.81437
0.805866
0.808172
0.812195
0.804567
0.779496
0.747071
0.730224
0.740831
0.761629
0.769127
0.762094
0.757017
0.765848
0.783891
0.798473
0.806524
0.818153
0.836333
0.848646
0.848031
0.841406
0.835568
0.830488
0.823733
0.81316
0.798003
0.778115
0.75667
0.743927
0.749842
0.771915
0.797291
0.81513
0.822853
0.824198
0.823687
0.820873
0.813793
0.805982
0.802653
0.799993
0.795089
0.800227
0.822934
0.850098
0.860878
0.845713
0.814919
0.790289
0.783123
0.788497
0.799294
0.809356
0.812739
0.806928
0.795059
0.782666
0.772119
0.760992
0.746871
0.733255
0.727522
0.732022
0.743977
0.762667
0.788791
0.817138
0.8397
0.853811
0.861321
0.862558
0.854805
0.836875
0.812411
0.788969
0.775216
0.775893
0.788583
0.804853
0.814916
0.811958
0.796333
0.777568
0.769935
0.782575
0.807812
0.825702
0.824351
0.807297
0.785706
0.770969
0.771345
0.78984
0.817745
0.839155
0.845256
0.837188
0.822843
0.815794
0.828091
0.857315
0.884563
0.887492
0.85874
0.811141
0.767908
0.748893
0.758612
0.782212
0.799558
0.801559
0.790692
0.774656
0.761191
0.75809
0.770605
