-6.674
-6.682
-6.68575
-6.69204
-6.7057
-6.71937
-6.71611
-6.68686
-6.64805
-6.62096
-6.61264
-6.61158
-6.61227
-6.62428
-6.64507
-6.66398
-6.66917
-6.66363
-6.68008
-6.72651
-6.77904
-6.79814
-6.77238
-6.71976
-6.66437
-6.6212
-6.60304
-6.60981
-6.62655
-6.63182
-6.6277
-6.61205
-6.58494
-6.5575
-6.54322
-6.54706
-6.56916
-6.60744
-6.65799
-6.70007
-6.72388
-6.72969
-6.71558
-6.70651
-6.69606
-6.69482
-6.69923
-6.70952
-6.7249
-6.73799
-6.73772
-6.71348
-6.66411
-6.59392
-6.53176
-6.51236
-6.54412
-6.60883
-6.68415
-6.73839
-6.74889
-6.7128
-6.66318
-6.64311
-6.64234
-6.63862
-6.62414
-6.61179
-6.60966
-6.63142
-6.66027
-6.67496
-6.6768
-6.67864
-6.68099
-6.68424
-6.67159
-6.65346
-6.6297
-6.61797
-6.62626
-6.6526
-6.66891
-6.65756
-6.62188
-6.5855
-6.57494
-6.59082
-6.63302
-6.68031
-6.73062
-6.76326
-6.77219
-6.76163
-6.73807
-6.69756
-6.64796
-6.59922
-6.57739
-6.58563
-6.61347
-6.64255
-6.65727
-6.66062
-6.66149
-6.65619
-6.65607
-6.66661
-6.68178
-6.69595
-6.71244
-6.71963
-6.70609
-6.6845
-6.65843
-6.63441
-6.61584
-6.61535
-6.63471
-6.6585
-6.67184
-6.66341
-6.62892
-6.56777
-6.51276
-6.49728
-6.52332
-6.57973
-6.64143
-6.6873
-6.70945
-6.71012
-6.69834
-6.67727
-6.65499
-6.65093
-6.67558
-6.72597
-6.79213
-6.83219
-6.81292
-6.73961
-6.64389
-6.57177
-6.55594
-6.59017
-6.63961
-6.67182
-6.6803
-6.67736
-6.6733
-6.67334
-6.67736
-6.67016
-6.65508
-6.64236
-6.6438
-6.64603
-6.6707
-6.72423
-6.78179
-6.80232
-6.76677
-6.68726
-6.59965
-6.53686
-6.50522
-6.51241
-6.54641
-6.58789
-6.64019
-6.68571
-6.70988
-6.70426
-6.66793
-6.62217
-6.59925
-6.63041
-6.69699
-6.76005
-6.79147
-6.788
-6.7507
-6.69913
-6.66238
-6.65325
-6.66565
-6.67483
-6.67095
-6.65687
-6.64069
-6.62762
-6.62401
-6.62566
-6.61815
-6.59886
-6.59132
-6.61361
-6.65751
-6.68408
-6.67019
-6.63434
-6.62027
-6.64859
-6.70372
-6.75194
-6.76519
-6.73362
-6.66833
-6.61046
-6.58206
-6.59065
-6.61474
-6.64824
-6.68071
-6.70476
-6.72618
-6.74545
-6.76218
-6.76448
-6.74323
-6.70425
-6.65475
-6.60419
-6.57722
-6.59486
-6.6427
-6.68824
-6.70523
-6.68688
-6.65268
-6.61066
-6.5733
-6.55305
-6.55006
-6.55721
-6.57288
-6.59564
-6.62638
-6.67503
-6.72459
-6.76021
-6.76726
-6.73796
-6.6737
-6.60416
-6.5555
-6.54337
-6.57397
-6.63635
-6.70102
-6.7405
-6.74712
-6.72398
-6.68084
-6.6398
-6.61387
-6.61487
-6.63399
-6.65992
-6.67751
-6.69047
-6.71006
-6.72629
-6.7196
-6.68506
-6.62092
-6.55583
-6.52083
-6.53024
-6.564
-6.60142
-6.62723
-6.63293
-6.61679
-6.60676
-6.62081
-6.66234
-6.70617
-6.72876
-6.71316
-6.67442
-6.63497
-6.61998
-6.64535
-6.68793
-6.72008
-6.72835
-6.70707
-6.67515
-6.64501
-6.62251
-6.61
-6.59871
-6.58555
-6.58318
-6.60159
-6.63442
-6.65942
-6.6739
-6.67069
-6.65982
-6.64744
-6.64743
-6.65987
-6.6808
-6.69919
-6.70117
-6.6855
-6.65887
-6.64146
-6.64875
-6.67053
-6.68073
-6.66209
-6.62383
-6.59019
-6.5935
-6.62403
-6.65795
-6.68016
-6.6887
-6.70064
-6.71597
-6.73403
-6.7475
-6.74694
-6.7194
-6.66998
-6.61919
-6.59738
-6.60639
-6.62867
-6.6446
-6.64429
-6.63848
-6.63879
-6.64947
-6.66058
-6.64924
-6.61971
-6.58115
-6.55221
-6.54797
-6.59009
-6.66513
-6.74514
-6.80304
-6.81694
-6.78895
-6.74433
-6.72617
-6.72546
-6.72058
-6.69285
-6.64146
-6.5899
-6.56241
-6.56693
-6.5931
-6.62091
-6.63912
-6.64146
-6.63198
-6.60812
-6.58502
-6.55846
-6.54643
-6.5521
-6.58145
-6.616
-6.63386
-6.64351
-6.64988
-6.65282
-6.65943
-6.66562
-6.67065
-6.67831
-6.67935
-6.67958
-6.66796
-6.66212
-6.66995
-6.69749
-6.72966
-6.7523
-6.75128
-6.73095
-6.70227
-6.66744
-6.64074
-6.63832
-6.65346
-6.65612
-6.62885
-6.59763
-6.59931
-6.64061
-6.68176
-6.70694
-6.71155
-6.69707
-6.67245
-6.64471
-6.63902
-6.65279
-6.68689
-6.7224
-6.7345
-6.70702
-6.63962
-6.55462
-6.50768
-6.52277
-6.57653
-6.64859
-6.71304
-6.75452
-6.77592
-6.7729
-6.74581
-6.69299
-6.64276
-6.61239
-6.60467
-6.60235
-6.59808
-6.59651
-6.60008
-6.61198
-6.6395
-6.68521
-6.73308
-6.75887
-6.75732
-6.74169
-6.72853
-6.71349
-6.69799
-6.67973
-6.64646
-6.59652
-6.53517
-6.48713
-6.47318
-6.51273
-6.60072
-6.70257
-6.76483
-6.77069
-6.7239
-6.6585
-6.61631
-6.60916
-6.63564
-6.67599
-6.71277
-6.73511
-6.73657
-6.73605
-6.73853
-6.74838
-6.76099
-6.75484
-6.71438
-6.65314
-6.59568
-6.54956
-6.51396
-6.48525
-6.48115
-6.52127
-6.59475
-6.6694
-6.71889
-6.73955
-6.74469
-6.74743
-6.74546
-6.73134
-6.70704
-6.69217
-6.6813
-6.6573
-6.63074
-6.65218
-6.70041
-6.72461
-6.70567
-6.66856
-6.65492
-6.67934
-6.72453
-6.74094
-6.70899
-6.63389
-6.54255
-6.4815
-6.47605
-6.51307
-6.56607
-6.60958
-6.63824
-6.6579
-6.67989
-6.70798
-6.74651
-6.77403
-6.77094
-6.73276
-6.67581
-6.63502
-6.65085
-6.70457
-6.74409
-6.76641
-6.7596
-6.71626
-6.65074
-6.58719
-6.56087
-6.57708
-6.60512
-6.62256
-6.61666
-6.60504
-6.60566
-6.62116
-6.64097
-6.65345
-6.65747
-6.66333
-6.67135
-6.67349
-6.66556
-6.64965
-6.64782
-6.6518
-6.65645
-6.65016
-6.63272
-6.61308
-6.61545
-6.63867
-6.67156
-6.703
-6.7284
-6.74684
-6.75288
-6.73522
-6.68669
-6.62286
-6.5724
-6.55875
-6.59401
-6.65681
-6.70188
-6.7085
-6.68805
-6.65724
-6.6165
-6.5646
-6.52
-6.49884
-6.50742
-6.55436
-6.62941
-6.70078
-6.74878
-6.77704
-6.78142
-6.76704
-6.74839
-6.73824
-6.7345
-6.71955
-6.67863
-6.62005
-6.58252
-6.58126
-6.6113
-6.65343
-6.68467
-6.69908
-6.69469
-6.68176
-6.66884
-6.65886
-6.65638
-6.65973
-6.67323
-6.68671
-6.69391
-6.67952
-6.64273
-6.58634
-6.54752
-6.54159
-6.57146
-6.61444
-6.65201
-6.66766
-6.65039
-6.61625
-6.58593
-6.58601
-6.62336
-6.67267
-6.71188
-6.73213
-6.7373
-6.75714
-6.77858
-6.78998
-6.76415
-6.71096
-6.64381
-6.58086
-6.54341
-6.54201
-6.56887
-6.60218
-6.62007
-6.61756
-6.61298
-6.62134
-6.64191
-6.65815
-6.64985
-6.62937
-6.61204
-6.62182
-6.66668
-6.72284
-6.76445
-6.76964
-6.73842
-6.67951
-6.61478
-6.58533
-6.59966
-6.6429
-6.67214
-6.683
-6.69641
-6.71056
-6.71951
-6.70834
-6.67423
-6.63288
-6.60051
-6.58566
-6.58929
-6.60445
-6.63171
-6.6594
-6.67108
-6.66304
-6.63756
-6.60138
-6.57082
-6.54828
-6.54232
-6.53856
-6.53624
-6.53771
-6.55198
-6.57229
-6.58766
-6.60012
-6.62045
-6.6664
-6.72649
-6.77511
-6.78836
-6.76768
-6.72159
-6.67401
-6.63967
-6.62176
-6.62141
-6.64329
-6.67464
-6.69915
-6.72025
-6.73469
-6.7408
-6.73835
-6.72888
-6.71272
-6.69198
-6.65808
-6.62544
-6.60981
-6.61141
-6.60506
-6.57674
-6.54405
-6.53739
-6.58036
-6.65419
-6.7271
-6.7663
-6.76379
-6.73299
-6.68824
-6.64424
-6.61062
-6.585
-6.57496
-6.58768
-6.62343
-6.66695
-6.70602
-6.73009
-6.73293
-6.7146
-6.6963
-6.68379
-6.6699
-6.65044
-6.63848
-6.62744
-6.6175
-6.61614
-6.62738
-6.65211
-6.6794
-6.69836
-6.70251
-6.68233
-6.64696
-6.6005
-6.55632
-6.5312
-6.54758
-6.60408
-6.66112
-6.68932
-6.6877
-6.6655
-6.63089
-6.60949
-6.60469
-6.6094
-6.64852
-6.70169
-6.73711
-6.73042
-6.68644
-6.64032
-6.63555
-6.66583
-6.70064
-6.71061
-6.69774
-6.67214
-6.65016
-6.64988
-6.67005
-6.69667
-6.71362
-6.70868
-6.68346
-6.63656
-6.5901
-6.56181
-6.56328
-6.58273
-6.60556
-6.62381
-6.63281
-6.63704
-6.63826
-6.63421
-6.62248
-6.62048
-6.64496
-6.67623
-6.68171
-6.65215
-6.62426
-6.63584
-6.68441
-6.74487
-6.7919
-6.81761
-6.81745
-6.79703
-6.75748
-6.70479
-6.64621
-6.59192
-6.54952
-6.53142
-6.54166
-6.56512
-6.59668
-6.63286
-6.65976
-6.67502
-6.6739
-6.65315
-6.62064
-6.60882
-6.63192
-6.68013
-6.73428
-6.76402
-6.76346
-6.72617
-6.67177
-6.6179
-6.58252
-6.57153
-6.58044
-6.60723
-6.63958
-6.66227
-6.67182
-6.6713
-6.66499
-6.65708
-6.64444
-6.63465
-6.63424
-6.64803
-6.67823
-6.7114
-6.73096
-6.72431
-6.70034
-6.66303
-6.61894
-6.58727
-6.58278
-6.61747
-6.66668
-6.70018
-6.70344
-6.67662
-6.63102
-6.58059
-6.54784
-6.54193
-6.57011
-6.61578
-6.64504
-6.65112
-6.64929
-6.66636
-6.70372
-6.75248
-6.79254
-6.80247
-6.78258
-6.73935
-6.69291
-6.64111
-6.59761
-6.56763
-6.56731
-6.60238
-6.65488
-6.69487
-6.71339
-6.69918
-6.66006
-6.61812
-6.58788
-6.57416
-6.57726
-6.59206
-6.61062
-6.63368
-6.65673
-6.68161
-6.69952
-6.70739
-6.71588
-6.71903
-6.71048
-6.68421
-6.6734
-6.67136
-6.67657
-6.67859
-6.67212
-6.65652
-6.64162
-6.63176
-6.63132
-6.65355
-6.68463
-6.71064
-6.73179
-6.73773
-6.72057
-6.67713
-6.61416
-6.5529
-6.52883
-6.55406
-6.61899
-6.67773
-6.71243
-6.7129
-6.69066
-6.66435
-6.65178
-6.66578
-6.69185
-6.70279
-6.6937
-6.66888
-6.64561
-6.62961
-6.61838
-6.61074
-6.62416
-6.65646
-6.68525
-6.71183
-6.73103
-6.73425
-6.71911
-6.69391
-6.66281
-6.63894
-6.62754
-6.62437
-6.63401
-6.64848
-6.66694
-6.68134
-6.6957
-6.69534
-6.67698
-6.64377
-6.61059
-6.59873
-6.60882
-6.63805
-6.66653
-6.68856
-6.70631
-6.72617
-6.73985
-6.73303
-6.70313
-6.65627
-6.62244
-6.61909
-6.62501
-6.62027
-6.61574
-6.61574
-6.63017
-6.65182
-6.66583
-6.67081
-6.65915
-6.63508
-6.60031
-6.5801
-6.57759
-6.60682
-6.65416
-6.693
-6.70441
-6.68071
-6.63555
-6.60409
-6.60587
-6.6397
-6.68127
-6.70791
-6.69984
-6.66808
-6.64786
-6.65172
-6.66093
-6.65127
-6.62693
-6.6215
-6.64512
-6.68499
-6.72227
-6.74989
-6.75514
-6.71843
-6.65961
-6.60194
-6.56309
-6.54987
-6.55877
-6.60475
-6.66299
-6.7085
-6.72399
-6.71834
-6.7051
-6.68458
-6.66513
-6.65099
-6.64452
-6.64039
-6.64438
-6.65677
-6.66307
-6.65344
-6.62865
-6.59654
-6.57046
-6.56632
-6.59393
-6.65107
-6.69929
-6.72838
-6.73843
-6.73352
-6.71831
-6.68307
-6.63763
-6.62815
-6.64305
-6.64986
-6.64823
-6.65688
-6.6728
-6.68555
-6.67887
-6.65453
-6.62406
-6.61435
-6.63213
-6.66593
-6.70252
-6.71482
-6.68786
-6.62449
-6.5743
-6.56907
-6.60035
-6.64568
-6.67984
-6.70827
-6.73406
-6.75022
-6.74749
-6.72281
-6.67704
-6.61419
-6.55465
-6.51769
-6.52923
-6.58329
-6.66272
-6.73421
-6.77091
-6.76856
-6.73528
-6.70242
-6.68262
-6.67892
-6.6861
-6.6824
-6.66005
-6.62208
-6.5816
-6.568
-6.59398
-6.64588
-6.70374
-6.7459
-6.77254
-6.78134
-6.76898
-6.73663
-6.6851
-6.62259
-6.57357
-6.55197
-6.54975
-6.55539
-6.57154
-6.59998
-6.64337
-6.69296
-6.73342
-6.751
-6.73803
-6.69745
-6.64309
-6.59662
-6.5741
-6.57973
-6.60985
-6.64935
-6.68039
-6.69552
-6.69025
-6.68106
-6.67896
-6.68054
-6.68885
-6.70112
-6.69977
-6.68149
-6.65306
-6.63226
-6.62238
-6.62871
-6.6401
-6.65806
-6.68733
-6.71035
-6.72113
-6.70308
-6.66601
-6.62871
-6.6016
-6.59598
-6.61772
-6.66186
-6.69806
-6.71366
-6.69741
-6.65772
-6.6219
-6.60369
-6.60102
-6.60325
-6.6082
-6.61661
-6.62721
-6.62469
-6.62417
-6.62578
-6.64103
-6.6603
-6.68429
-6.70442
-6.71713
-6.71823
-6.71542
-6.69917
-6.67797
-6.662
-6.65516
-6.64672
-6.63076
-6.61033
-6.59775
-6.6178
-6.65793
-6.70797
-6.75423
-6.7815
-6.77143
-6.7383
-6.69669
-6.65569
-6.62863
-6.61736
-6.61535
-6.63628
-6.66679
-6.68142
-6.65272
-6.59544
-6.53363
-6.49095
-6.49202
-6.5277
-6.58755
-6.65189
-6.69523
-6.71085
-6.71462
-6.71808
-6.71909
-6.71363
-6.71185
-6.72338
-6.75236
-6.78264
-6.78794
-6.76038
-6.70101
-6.6291
-6.57924
-6.58961
-6.64722
-6.7004
-6.71319
-6.68253
-6.63693
-6.59423
-6.55771
-6.54077
-6.55019
-6.5829
-6.62871
-6.67228
-6.7132
-6.74286
-6.74809
-6.72294
-6.68281
-6.64041
-6.61272
-6.59953
-6.60234
-6.62082
-6.64631
-6.67102
-6.6875
-6.68541
-6.67135
-6.65937
-6.65011
-6.6533
-6.67261
-6.69836
-6.72197
-6.7287
-6.7138
-6.68382
-6.6505
-6.63041
-6.63555
-6.65054
-6.64919
-6.63711
-6.60769
-6.5603
-6.51934
-6.5135
-6.55137
-6.60819
-6.6587
-6.68831
-6.69276
-6.68154
-6.67251
-6.67563
-6.68945
-6.72757
-6.77813
-6.81504
-6.81761
-6.76326
-6.67572
-6.6054
-6.58192
-6.59539
-6.60999
-6.61505
-6.61738
-6.62306
-6.63741
-6.65633
-6.67016
-6.66678
-6.65142
-6.63215
-6.61659
-6.6168
-6.64885
-6.70962
-6.78957
-6.83881
-6.8371
-6.7712
-6.66118
-6.54201
-6.46188
-6.44923
-6.4947
-6.54883
-6.5871
-6.60337
-6.62513
-6.65037
-6.67594
-6.70249
-6.72537
-6.74611
-6.76004
-6.75711
-6.73418
-6.69659
-6.67565
-6.68584
-6.71817
-6.74872
-6.76368
-6.75746
-6.7292
-6.68089
-6.6158
-6.56035
-6.53491
-6.5432
-6.56827
-6.60018
-6.63412
-6.66605
-6.67977
-6.66919
-6.6371
-6.59515
-6.56307
-6.5613
-6.5844
-6.61191
-6.63048
-6.62872
-6.62358
-6.61824
-6.62344
-6.62714
-6.62873
-6.6266
-6.63613
-6.65015
-6.68048
-6.71932
-6.74696
-6.75413
-6.73516
-6.69586
-6.65307
-6.61492
-6.59496
-6.5892
-6.59627
-6.61124
-6.62008
-6.63153
-6.63997
-6.65113
-6.66185
-6.65906
-6.64866
-6.63153
-6.62329
-6.63629
-6.66648
-6.70775
-6.73068
-6.73054
-6.71597
-6.68783
-6.65019
-6.6162
-6.6233
-6.65821
-6.6987
-6.71837
-6.6973
-6.64836
-6.59339
-6.54805
-6.54355
-6.59352
-6.67676
-6.74664
-6.77067
-6.74545
-6.70246
-6.67202
-6.65856
-6.64642
-6.63831
-6.62894
-6.61742
-6.60118
-6.58389
-6.58148
-6.6028
-6.64317
-6.69056
-6.7288
-6.74688
-6.74433
-6.72235
-6.6911
-6.64886
-6.61036
-6.59122
-6.61219
-6.66713
-6.73434
-6.77749
-6.7823
-6.74995
-6.69509
-6.6453
-6.62312
-6.63572
-6.66518
-6.68441
-6.68493
-6.66506
-6.65078
-6.66459
-6.70215
-6.73032
-6.72705
-6.69127
-6.63713
-6.57404
-6.5254
-6.52233
-6.55605
-6.59107
-6.62829
-6.65945
-6.66724
-6.65499
-6.6411
-6.63346
-6.63903
-6.66996
-6.72478
-6.78155
-6.81967
-6.81651
-6.77242
-6.71505
-6.66891
-6.65186
-6.65142
-6.65535
-6.64509
-6.61647
-6.5799
-6.55501
-6.56769
-6.61398
-6.66658
-6.69812
-6.71114
-6.70674
-6.70094
-6.70492
-6.70628
-6.69461
-6.67027
-6.63989
-6.62762
-6.63061
-6.633
-6.64701
-6.67298
-6.69352
-6.69443
-6.67164
-6.63351
-6.59869
-6.57901
-6.58658
-6.62327
-6.65619
-6.67992
-6.70315
-6.71153
-6.69993
-6.66763
-6.61008
-6.54952
-6.5255
-6.55528
-6.63187
-6.71586
-6.7702
-6.79456
-6.80088
-6.78764
-6.75864
-6.72227
-6.69339
-6.66569
-6.64243
-6.62119
-6.60052
-6.58062
-6.56848
-6.57027
-6.5814
-6.59107
-6.59933
-6.60621
-6.62281
-6.64477
-6.66464
-6.65893
-6.62296
-6.58701
-6.58734
-6.62344
-6.66963
-6.70856
-6.73315
-6.74341
-6.73324
-6.71577
-6.70111
-6.68589
-6.674
-6.67288
-6.68174
-6.68368
-6.66687
-6.63477
-6.59976
-6.57752
-6.57645
-6.60239
-6.6466
-6.66944
-6.65269
-6.61985
-6.60807
-6.62306
-6.65056
-6.68585
-6.71959
-6.75293
-6.77245
-6.76629
-6.73975
-6.70435
-6.68066
-6.67792
-6.67586
-6.662
-6.64092
-6.62062
-6.59673
-6.57279
-6.5526
-6.55542
-6.57888
-6.60599
-6.62931
-6.6335
-6.62888
-6.63426
-6.65978
-6.70367
-6.73184
-6.72004
-6.67764
-6.6244
-6.57812
-6.57256
-6.5981
-6.63774
-6.68332
-6.73172
-6.75743
-6.75319
-6.72327
-6.69419
-6.67365
-6.66652
-6.669
-6.68405
-6.71578
-6.74715
-6.7542
-6.7197
-6.64984
-6.56309
-6.4884
-6.44904
-6.45961
-6.5138
-6.58947
-6.64927
-6.68196
-6.6988
-6.71269
-6.72876
-6.74714
-6.7535
-6.7378
-6.70277
-6.65935
-6.63245
-6.632
-6.6589
-6.6962
-6.72386
-6.72977
-6.71556
-6.67559
-6.61538
-6.56187
-6.54405
-6.55852
-6.58613
-6.61292
-6.62797
-6.62405
-6.61883
-6.63071
-6.64791
-6.66342
-6.67172
-6.66522
-6.64292
-6.62139
-6.61491
-6.62205
-6.63148
-6.63466
-6.63593
-6.64277
-6.66846
-6.70887
-6.74999
-6.77866
-6.77285
-6.74854
-6.71543
-6.68958
-6.67259
-6.6559
-6.64139
-6.65304
-6.68378
-6.72848
-6.76708
-6.77037
-6.7341
-6.66822
-6.59873
-6.54184
-6.52008
-6.53706
-6.58914
-6.64296
-6.67517
-6.67238
-6.62734
-6.57126
-6.55839
-6.61458
-6.70289
-6.76337
-6.76522
-6.71824
-6.6707
-6.66469
-6.69383
-6.7236
-6.7413
-6.73
-6.69444
-6.65775
-6.65649
-6.66695
-6.6758
-6.66159
-6.63307
-6.59565
-6.57307
-6.57787
-6.60246
-6.63658
-6.66836
-6.68431
-6.67593
-6.63885
-6.59027
-6.56594
-6.60179
-6.6718
-6.72884
-6.73919
-6.70171
-6.63612
-6.57658
-6.57038
-6.61981
-6.68298
-6.72237
-6.73187
-6.71022
-6.67249
-6.64394
-6.63118
-6.64263
-6.66811
-6.68199
-6.6652
-6.62433
-6.58501
-6.56535
-6.57924
-6.61357
-6.65675
-6.68623
-6.68232
-6.64546
-6.59451
-6.55524
-6.55907
-6.60287
-6.67012
-6.7336
-6.76802
-6.77693
-6.76686
-6.75149
-6.71189
-6.66978
-6.6325
-6.60927
-6.59542
-6.59748
-6.62641
-6.67551
-6.72591
-6.76114
-6.76809
-6.74959
-6.71758
-6.69261
-6.67654
-6.65763
-6.63292
-6.60404
-6.57329
-6.54101
-6.51736
-6.51032
-6.50398
-6.50243
-6.52607
-6.57535
-6.63542
-6.69328
-6.73536
-6.7536
-6.77175
-6.79547
-6.80717
-6.79231
-6.74753
-6.69163
-6.64509
-6.6335
-6.64581
-6.65223
-6.64226
-6.62615
-6.60898
-6.59771
-6.60094
-6.61045
-6.61353
-6.60731
-6.59569
-6.5904
-6.6014
-6.63794
-6.67168
-6.68189
-6.66613
-6.64469
-6.64034
-6.65826
-6.68168
-6.68753
-6.66504
-6.62721
-6.61
-6.62841
-6.67634
-6.7299
-6.7613
-6.76603
-6.75481
-6.73032
-6.69062
-6.64849
-6.62284
-6.62728
-6.65702
-6.69025
-6.70359
-6.68904
-6.65883
-6.62602
-6.60003
-6.58701
-6.58761
-6.60276
-6.63939
-6.69094
-6.74753
-6.78865
-6.80002
-6.77
-6.69936
-6.5955
-6.51494
-6.50266
-6.55884
-6.63391
-6.69371
-6.71386
-6.70234
-6.68119
-6.67252
-6.6906
-6.72173
-6.74888
-6.75179
-6.73373
-6.69538
-6.65544
-6.61337
-6.57267
-6.54222
-6.53481
-6.55797
-6.60458
-6.66312
-6.7182
-6.74713
-6.74077
-6.70026
-6.66285
-6.64053
-6.63047
-6.63267
-6.64678
-6.66645
-6.67523
-6.67054
-6.66363
-6.65851
-6.65244
-6.64284
-6.6357
-6.62642
-6.60586
-6.57466
-6.56136
-6.58779
-6.64302
-6.7063
-6.75259
-6.77898
-6.78566
-6.77704
-6.76288
-6.73728
-6.69653
-6.65372
-6.62348
-6.60917
-6.5975
-6.58307
-6.56308
-6.55695
-6.55517
-6.56457
-6.56993
-6.59944
-6.66543
-6.73353
-6.76168
-6.74099
-6.69
-6.65571
-6.6483
-6.66201
-6.68771
-6.71496
-6.72942
-6.71835
-6.69176
-6.66302
-6.65965
-6.67021
-6.67787
-6.67766
-6.65989
-6.63551
-6.61849
-6.615
-6.62311
-6.63335
-6.63257
-6.62394
-6.62489
-6.64111
-6.67375
-6.70919
-6.72844
-6.72565
-6.69236
-6.64402
-6.60209
-6.58031
-6.58525
-6.59506
-6.58579
-6.57182
-6.56471
-6.58335
-6.61751
-6.67028
-6.73066
-6.7869
-6.81453
-6.80905
-6.7739
-6.74242
-6.72573
-6.71993
-6.68656
-6.61953
-6.55058
-6.50852
-6.51175
-6.55386
-6.60596
-6.64169
-6.64915
-6.63978
-6.62182
-6.62155
-6.646
-6.69868
-6.75285
-6.78
-6.76408
-6.70888
-6.63487
-6.5693
-6.54404
-6.56141
-6.60976
-6.65603
-6.68968
-6.70379
-6.70824
-6.70222
-6.69709
-6.68308
-6.66384
-6.63981
-6.61466
-6.59943
-6.61699
-6.66894
-6.7354
-6.77714
-6.77683
-6.74249
-6.6872
-6.63769
-6.60504
-6.58746
-6.58252
-6.59384
-6.62375
-6.66045
-6.69158
-6.70119
-6.67829
-6.6251
-6.56871
-6.53676
-6.5494
-6.59248
-6.65244
-6.70813
-6.74294
-6.75275
-6.73716
-6.70437
-6.65567
-6.59588
-6.5447
-6.52886
-6.55305
-6.60077
-6.64957
-6.67892
-6.68582
-6.67045
-6.64757
-6.62574
-6.62067
-6.64322
-6.68158
-6.71778
-6.74665
-6.76227
-6.7579
-6.72897
-6.68101
-6.6273
-6.59393
-6.58435
-6.58833
-6.59648
-6.61397
-6.6559
-6.70766
-6.74189
-6.74131
-6.70818
-6.65122
-6.6041
-6.58584
-6.60735
-6.64166
-6.66733
-6.6766
-6.67376
-6.67143
-6.67376
-6.66598
-6.64462
-6.61889
-6.61187
-6.62693
-6.65375
-6.67946
-6.68869
-6.66749
-6.63525
-6.62354
-6.63815
-6.66899
-6.67558
-6.65752
-6.63209
-6.63714
-6.67304
-6.71687
-6.74625
-6.744
-6.71184
-6.66092
-6.61823
-6.59126
-6.59352
-6.6201
-6.65387
-6.67706
-6.68738
-6.69735
-6.71561
-6.73875
-6.7404
-6.71732
-6.66975
-6.61088
-6.55768
-6.52934
-6.54589
-6.59924
-6.66697
-6.71935
-6.74152
-6.74466
-6.73238
-6.68988
-6.61505
-6.54363
-6.53522
-6.60899
-6.72401
-6.82499
-6.85883
-6.82229
-6.72825
-6.61969
-6.55183
-6.54389
-6.5886
-6.65972
-6.70182
-6.69537
-6.65308
-6.604
-6.5641
-6.54563
-6.54704
-6.57187
-6.60583
-6.64339
-6.67004
-6.68599
-6.6905
-6.68678
-6.68662
-6.69369
-6.69611
-6.67666
-6.64333
-6.62034
-6.61984
-6.64246
-6.66945
-6.69161
-6.70245
-6.70426
-6.71554
-6.74038
-6.74847
-6.72736
-6.6853
-6.63128
-6.58198
-6.53503
-6.51223
-6.53618
-6.61576
-6.72117
-6.80046
-6.82393
-6.79064
-6.73192
-6.6867
-6.66561
-6.66867
-6.68643
-6.69733
-6.68997
-6.66039
-6.62257
-6.59298
-6.57057
-6.53911
-6.50378
-6.49889
-6.54757
-6.61907
-6.68334
-6.73359
-6.76075
-6.76948
-6.75792
-6.72245
-6.6629
-6.59638
-6.56607
-6.5907
-6.66322
-6.73657
-6.77118
-6.75226
-6.70722
-6.66825
-6.65175
-6.66443
-6.69493
-6.72031
-6.72641
-6.70939
-6.67808
-6.64422
-6.61626
-6.59928
-6.59514
-6.59992
-6.60507
-6.61255
-6.61579
-6.61619
-6.62139
-6.63108
-6.63335
-6.62917
-6.62017
-6.61456
-6.6263
-6.64936
-6.67608
-6.69943
-6.71471
-6.72182
-6.72267
-6.72607
-6.72794
-6.72339
-6.71075
-6.68407
-6.64658
-6.60982
-6.58178
-6.57042
-6.57138
-6.58037
-6.59534
-6.62335
-6.66842
-6.71142
-6.72437
-6.71075
-6.70066
-6.69587
-6.714
-6.7474
-6.76524
-6.73332
-6.67003
-6.60169
-6.56337
-6.56419
-6.59532
-6.6334
-6.66061
-6.66023
-6.63521
-6.60256
-6.59818
-6.62237
-6.66011
-6.68914
-6.69989
-6.68355
-6.65322
-6.62549
-6.60768
-6.60336
-6.60811
-6.60412
-6.59841
-6.60723
-6.63906
-6.66598
-6.67328
-6.66392
-6.66233
-6.67843
-6.70003
-6.72725
-6.75172
-6.76814
-6.752
-6.70412
-6.64055
-6.57846
-6.53104
-6.50082
-6.50227
-6.53881
-6.60679
-6.67275
-6.70403
-6.68951
-6.646
-6.60451
-6.58849
-6.59844
-6.62708
-6.65866
-6.6821
-6.69834
-6.71614
-6.73342
-6.74529
-6.75546
-6.78126
-6.80449
-6.80176
-6.75479
-6.67369
-6.59144
-6.53254
-6.50725
-6.50996
-6.5252
-6.5494
-6.57719
-6.61649
-6.6585
-6.69137
-6.7047
-6.70237
-6.69711
-6.69775
-6.68515
-6.66449
-6.63728
-6.61996
-6.62247
-6.65096
-6.67816
-6.68392
-6.65911
-6.61912
-6.59605
-6.60345
-6.63985
-6.67785
-6.6864
-6.67057
-6.63876
-6.61767
-6.62243
-6.66027
-6.71061
-6.74497
-6.74296
-6.7148
-6.6748
-6.64671
-6.63925
-6.63898
-6.6386
-6.63299
-6.63331
-6.64312
-6.65165
-6.65864
-6.65633
-6.64592
-6.62079
-6.60176
-6.61334
-6.6509
-6.68171
-6.6947
-6.70109
-6.70079
-6.69484
-6.68158
-6.66471
-6.65918
-6.66572
-6.68529
-6.69737
-6.69718
-6.68529
-6.66491
-6.65177
-6.64742
-6.65604
-6.67511
-6.68451
-6.68004
-6.66971
-6.64815
-6.63021
-6.6199
-6.62188
-6.63687
-6.65931
-6.68006
-6.67938
-6.65642
-6.62053
-6.58938
-6.57462
-6.58004
-6.60438
-6.64123
-6.69103
-6.74218
-6.77679
-6.77868
-6.74829
-6.70322
-6.66532
-6.65115
-6.66787
-6.69152
-6.69112
-6.67498
-6.6606
-6.66277
-6.66752
-6.65771
-6.62139
-6.5737
-6.54939
-6.5663
-6.59655
-6.60909
-6.59561
-6.58766
-6.6035
-6.62896
-6.65246
-6.66193
-6.68002
-6.71087
-6.72708
-6.72615
-6.71589
-6.70875
-6.70178
-6.6923
-6.67449
-6.65564
-6.62289
-6.59006
-6.57159
-6.58208
-6.61488
-6.65392
-6.68036
-6.69096
-6.69104
-6.68898
-6.68411
-6.67284
-6.66338
-6.65905
-6.65021
-6.64413
-6.65216
-6.69076
-6.73153
-6.74901
-6.72398
-6.67777
-6.63791
-6.62781
-6.63749
-6.65109
-6.66781
-6.6732
-6.6661
-6.64668
-6.62776
-6.61162
-6.59493
-6.57342
-6.55396
-6.54536
-6.54953
-6.57135
-6.59743
-6.63403
-6.67591
-6.70749
-6.73222
-6.74639
-6.74825
-6.73501
-6.71005
-6.67433
-6.63851
-6.61917
-6.6176
-6.63825
-6.66526
-6.67906
-6.67301
-6.64697
-6.61783
-6.60605
-6.62275
-6.66128
-6.69103
-6.68868
-6.66147
-6.62907
-6.60631
-6.60784
-6.63721
-6.67973
-6.71445
-6.72392
-6.7102
-6.68996
-6.68002
-6.70073
-6.74232
-6.78127
-6.78729
-6.74285
-6.67014
-6.60171
-6.57286
-6.58778
-6.62385
-6.65182
-6.65676
-6.64078
-6.61445
-6.59521
-6.59217
-6.61159
