-5.45536
-5.456
-5.45536
-5.45503
-5.45665
-5.45764
-5.45733
-5.45441
-5.45181
-5.44986
-5.44824
-5.44533
-5.445
-5.45082
-5.45309
-5.45407
-5.45666
-5.45405
-5.4534
-5.45277
-5.45312
-5.45248
-5.45247
-5.45343
-5.4544
-5.45439
-5.45342
-5.45213
-5.45408
-5.4502
-5.44728
-5.44728
-5.44695
-5.44565
-5.44662
-5.44953
-5.45147
-5.45213
-5.45666
-5.45699
-5.4557
-5.45698
-5.45115
-5.45244
-5.45017
-5.45276
-5.45405
-5.45405
-5.4547
-5.45633
-5.45796
-5.45732
-5.45732
-5.45471
-5.45178
-5.45113
-5.45308
-5.45406
-5.45505
-5.45377
-5.45474
-5.45537
-5.45339
-5.45405
-5.45212
-5.45116
-5.4505
-5.45276
-5.45081
-5.45277
-5.45504
-5.45375
-5.45277
-5.45438
-5.45276
-5.45536
-5.45276
-5.45438
-5.45275
-5.45338
-5.45306
-5.4547
-5.45439
-5.45407
-5.45276
-5.45079
-5.45176
-5.45112
-5.45598
-5.45275
-5.45276
-5.45373
-5.45534
-5.45534
-5.45566
-5.45276
-5.45211
-5.44853
-5.44756
-5.44918
-5.45178
-5.45374
-5.45309
-5.45244
-5.45535
-5.45276
-5.44984
-5.45049
-5.45211
-5.45114
-5.45276
-5.45374
-5.4505
-5.45179
-5.45146
-5.4521
-5.45144
-5.45144
-5.45145
-5.44952
-5.44888
-5.44921
-5.4505
-5.44758
-5.44723
-5.44917
-5.44756
-5.4479
-5.44986
-5.4518
-5.45213
-5.45148
-5.45375
-5.45504
-5.45438
-5.45696
-5.45793
-5.45374
-5.45473
-5.45572
-5.45475
-5.45699
-5.45955
-5.45856
-5.45532
-5.45309
-5.45278
-5.45213
-5.45245
-5.45471
-5.45438
-5.45115
-5.45051
-5.45019
-5.45374
-5.45244
-5.45342
-5.45114
-5.45469
-5.45698
-5.45766
-5.45799
-5.45798
-5.45634
-5.45568
-5.45826
-5.45502
-5.45244
-5.45212
-5.45018
-5.45439
-5.45343
-5.44988
-5.44923
-5.44922
-5.45082
-5.45048
-5.45243
-5.45311
-5.45442
-5.45377
-5.45441
-5.45343
-5.45245
-5.45243
-5.45082
-5.45245
-5.45375
-5.45471
-5.45407
-5.45406
-5.45309
-5.45147
-5.45084
-5.45084
-5.45082
-5.4521
-5.45082
-5.45278
-5.45571
-5.45537
-5.45307
-5.45209
-5.45145
-5.45245
-5.45311
-5.45312
-5.45375
-5.45082
-5.4521
-5.45177
-5.45437
-5.45341
-5.45471
-5.45601
-5.45601
-5.45697
-5.45406
-5.45244
-5.45245
-5.45115
-5.45148
-5.45309
-5.45243
-5.45177
-5.45469
-5.45568
-5.45569
-5.45569
-5.45115
-5.45082
-5.45049
-5.44918
-5.44919
-5.45048
-5.45049
-5.45081
-5.45146
-5.45081
-5.45534
-5.4547
-5.45277
-5.45277
-5.45503
-5.45405
-5.45532
-5.45564
-5.45402
-5.45306
-5.45275
-5.45244
-5.4518
-5.45374
-5.45664
-5.45566
-5.45436
-5.45112
-5.45145
-5.45147
-5.45536
-5.45729
-5.45599
-5.45794
-5.45989
-5.45602
-5.4544
-5.45212
-5.4508
-5.44821
-5.45048
-5.45244
-5.45374
-5.45504
-5.45601
-5.45179
-5.45242
-5.45436
-5.45599
-5.45407
-5.45603
-5.45764
-5.46054
-5.45891
-5.45404
-5.456
-5.45537
-5.45214
-5.45344
-5.45148
-5.45051
-5.4505
-5.44888
-5.44727
-5.44695
-5.44823
-5.44984
-5.45082
-5.45311
-5.45085
-5.45182
-5.45117
-5.45343
-5.45277
-5.45212
-5.45116
-5.45181
-5.45279
-5.45085
-5.45053
-5.45116
-5.45212
-5.45375
-5.45473
-5.45313
-5.45053
-5.4531
-5.45405
-5.45471
-5.45408
-5.45505
-5.45569
-5.45245
-5.45407
-5.45439
-5.45407
-5.45278
-5.45279
-5.45214
-5.4531
-5.45244
-5.45405
-5.45439
-5.45214
-5.4515
-5.45149
-5.45083
-5.44953
-5.45116
-5.45441
-5.45182
-5.45375
-5.45504
-5.45535
-5.45178
-5.45373
-5.45666
-5.4583
-5.45896
-5.45701
-5.45569
-5.45179
-5.45406
-5.45149
-5.44955
-5.45149
-5.45309
-5.45308
-5.45048
-5.4479
-5.44954
-5.45213
-5.45245
-5.44857
-5.44889
-5.44759
-5.4518
-5.45083
-5.45276
-5.44985
-5.4505
-5.45375
-5.45278
-5.45537
-5.45795
-5.45666
-5.45699
-5.45537
-5.45439
-5.45731
-5.45375
-5.45569
-5.45471
-5.45632
-5.4547
-5.45536
-5.45472
-5.45538
-5.45375
-5.45245
-5.45439
-5.45503
-5.45372
-5.45146
-5.45213
-5.45408
-5.45439
-5.45792
-5.45631
-5.45245
-5.45019
-5.45213
-5.45051
-5.44792
-5.4492
-5.4466
-5.45081
-5.45081
-5.45147
-5.45311
-5.45345
-5.45151
-5.45085
-5.44822
-5.44658
-5.44758
-5.44823
-5.45278
-5.45635
-5.45602
-5.45635
-5.45473
-5.457
-5.45699
-5.45956
-5.45859
-5.45828
-5.45731
-5.45569
-5.45536
-5.45439
-5.45244
-5.45275
-5.45374
-5.45441
-5.45699
-5.45893
-5.4573
-5.45859
-5.45892
-5.45925
-5.45796
-5.45278
-5.45084
-5.44921
-5.45081
-5.45177
-5.45306
-5.45373
-5.45635
-5.45442
-5.45571
-5.45439
-5.45016
-5.44982
-5.45015
-5.45372
-5.45632
-5.45828
-5.45893
-5.45374
-5.4547
-5.45535
-5.45502
-5.45569
-5.45408
-5.45019
-5.44985
-5.45243
-5.45114
-5.45082
-5.45049
-5.45144
-5.45274
-5.4518
-5.45278
-5.4557
-5.45665
-5.45503
-5.45503
-5.45698
-5.4573
-5.4547
-5.4547
-5.45278
-5.45439
-5.45338
-5.45501
-5.45279
-5.45247
-5.45408
-5.45404
-5.45274
-5.45016
-5.45343
-5.45214
-5.45084
-5.45115
-5.44919
-5.45015
-5.45242
-5.45017
-5.45052
-5.45149
-5.45213
-5.4518
-5.45017
-5.44629
-5.4505
-5.45342
-5.45181
-5.45181
-5.45534
-5.45305
-5.45145
-5.45374
-5.4492
-5.4505
-5.45083
-5.44856
-5.45049
-5.45143
-5.45046
-5.44886
-5.44693
-5.4505
-5.45275
-5.45435
-5.45306
-5.45015
-5.45016
-5.45372
-5.45565
-5.45565
-5.45468
-5.45404
-5.45371
-5.45079
-5.45564
-5.45468
-5.45339
-5.45306
-5.455
-5.45336
-5.45433
-5.45304
-5.45111
-5.45241
-5.45532
-5.45662
-5.45696
-5.45859
-5.45793
-5.45598
-5.45531
-5.45239
-5.4495
-5.45081
-5.4518
-5.45146
-5.45178
-5.45339
-5.45404
-5.45241
-5.45241
-5.4524
-5.45078
-5.45046
-5.45145
-5.45276
-5.45373
-5.45729
-5.45761
-5.45793
-5.45889
-5.45857
-5.45761
-5.45665
-5.4547
-5.45079
-5.45305
-5.45337
-5.45274
-5.4534
-5.45146
-5.45243
-5.45307
-5.45338
-5.45209
-5.45015
-5.45273
-5.45338
-5.45468
-5.45371
-5.45501
-5.45437
-5.45566
-5.45144
-5.4524
-5.45078
-5.45144
-5.45081
-5.45147
-5.45244
-5.45082
-5.45371
-5.45435
-5.45499
-5.45824
-5.45696
-5.45535
-5.45501
-5.4495
-5.45371
-5.45339
-5.45632
-5.45373
-5.45372
-5.45371
-5.45339
-5.45532
-5.45598
-5.45438
-5.45406
-5.45471
-5.45308
-5.45177
-5.45145
-5.45309
-5.45569
-5.45342
-5.45631
-5.45695
-5.45435
-5.45372
-5.45277
-5.45343
-5.45116
-5.44987
-5.45082
-5.45177
-5.45597
-5.45469
-5.45763
-5.45602
-5.45309
-5.45535
-5.45309
-5.45213
-5.45311
-5.45309
-5.45211
-5.45049
-5.45082
-5.45341
-5.45147
-5.45114
-5.45115
-5.44792
-5.44792
-5.4505
-5.44952
-5.44919
-5.44564
-5.4479
-5.44694
-5.44758
-5.4479
-5.44791
-5.44791
-5.45018
-5.45405
-5.45372
-5.4547
-5.45503
-5.45505
-5.4531
-5.45503
-5.4547
-5.45437
-5.45404
-5.4521
-5.44951
-5.45179
-5.45406
-5.45244
-5.45438
-5.45503
-5.45439
-5.45504
-5.45568
-5.45277
-5.4531
-5.45212
-5.45178
-5.45081
-5.45244
-5.45342
-5.45277
-5.45242
-5.45015
-5.45113
-5.45051
-5.45247
-5.45409
-5.45505
-5.45731
-5.45665
-5.45341
-5.45309
-5.45309
-5.45341
-5.45179
-5.45148
-5.45084
-5.45149
-5.45409
-5.45667
-5.45278
-5.45149
-5.45343
-5.45376
-5.44923
-5.45117
-5.45182
-5.44955
-5.44825
-5.44922
-5.45279
-5.4528
-5.45087
-5.45281
-5.45217
-5.45346
-5.45378
-5.45604
-5.45732
-5.45506
-5.45444
-5.45575
-5.4551
-5.45412
-5.45638
-5.45442
-5.45507
-5.45766
-5.45345
-5.45734
-5.45768
-5.45575
-5.45414
-5.45379
-5.45247
-5.45377
-5.45249
-5.45283
-5.45154
-5.45251
-5.45444
-5.45572
-5.45669
-5.45541
-5.45444
-5.45446
-5.45284
-5.45543
-5.45541
-5.4554
-5.45151
-5.4499
-5.44958
-5.44959
-5.45121
-5.45315
-5.45444
-5.45185
-5.44959
-5.44765
-5.44731
-5.44893
-5.44767
-5.44799
-5.44894
-5.45053
-5.45183
-5.45152
-5.45316
-5.45445
-5.45607
-5.4538
-5.45218
-5.45121
-5.45185
-5.45185
-5.45185
-5.45087
-5.45055
-5.4525
-5.45089
-5.44895
-5.45057
-5.44993
-5.45026
-5.4535
-5.45738
-5.45445
-5.45282
-5.4538
-5.45511
-5.45869
-5.45643
-5.45611
-5.45287
-5.45383
-5.45252
-5.44929
-5.44962
-5.45123
-5.45382
-5.45513
-5.45416
-5.4548
-5.45545
-5.45318
-5.45253
-5.45091
-5.45091
-5.45187
-5.45284
-5.45543
-5.45609
-5.45512
-5.45058
-5.45155
-5.45478
-5.45477
-5.4541
-5.45086
-5.45444
-5.45769
-5.45673
-5.45576
-5.45641
-5.45672
-5.45283
-5.45087
-5.44698
-5.44603
-5.44993
-5.45091
-5.45122
-5.45218
-5.45638
-5.45379
-5.4509
-5.45349
-5.45479
-5.45511
-5.45252
-5.45672
-5.45672
-5.45736
-5.45444
-5.45282
-5.45315
-5.45543
-5.45382
-5.45512
-5.45383
-5.44993
-5.44927
-5.45056
-5.45025
-5.45025
-5.45252
-5.45317
-5.45317
-5.44993
-5.45155
-5.45446
-5.4538
-5.45445
-5.45381
-5.45543
-5.44959
-5.45347
-5.4538
-5.45445
-5.45413
-5.45542
-5.45573
-5.45574
-5.45573
-5.45443
-5.4567
-5.45606
-5.4525
-5.45315
-5.45315
-5.45122
-5.44863
-5.447
-5.44601
-5.44827
-5.44666
-5.44894
-5.44766
-5.4509
-5.45251
-5.45186
-5.4512
-5.45119
-5.45314
-5.45542
-5.45543
-5.45736
-5.45606
-5.45541
-5.45573
-5.45606
-5.45152
-5.44991
-5.45315
-5.45186
-5.45316
-5.45543
-5.45414
-5.44896
-5.44896
-5.45057
-5.45057
-5.45057
-5.45122
-5.45381
-5.45122
-5.45284
-5.45284
-5.45576
-5.45511
-5.45349
-5.45187
-5.45217
-5.45475
-5.45185
-5.45348
-5.4551
-5.4551
-5.45219
-5.45252
-5.45381
-5.45091
-5.44994
-5.45025
-5.44991
-5.45025
-5.45253
-5.45414
-5.45769
-5.45445
-5.45251
-5.45381
-5.45414
-5.45737
-5.45672
-5.45575
-5.45153
-5.45572
-5.45346
-5.45346
-5.45445
-5.45285
-5.45318
-5.45414
-5.45153
-5.45086
-5.45086
-5.45119
-5.44927
-5.45155
-5.45316
-5.45217
-5.4528
-5.45217
-5.45218
-5.45217
-5.44761
-5.44696
-5.44988
-5.45345
-5.45345
-5.45411
-5.45671
-5.45314
-5.45345
-5.45279
-5.45149
-5.45376
-5.45052
-5.45376
-5.45475
-5.45703
-5.45734
-5.45604
-5.45604
-5.45474
-5.45474
-5.45376
-5.45473
-5.45343
-5.45214
-5.45215
-5.45087
-5.45119
-5.45312
-5.45214
-5.45085
-5.45246
-5.45052
-5.45313
-5.45346
-5.45573
-5.45637
-5.45345
-5.45411
-5.45636
-5.45407
-5.45246
-5.44924
-5.44956
-5.45084
-5.45407
-5.45409
-5.45409
-5.4528
-5.45441
-5.45407
-5.45569
-5.45667
-5.45441
-5.45475
-5.45444
-5.45767
-5.45474
-5.45245
-5.45375
-5.45473
-5.45734
-5.45474
-5.45247
-5.45151
-5.45249
-5.45443
-5.4567
-5.45734
-5.45313
-5.45085
-5.44825
-5.45116
-5.45214
-5.45476
-5.45542
-5.45348
-5.45314
-5.44989
-5.45247
-5.45376
-5.45118
-5.45216
-5.45315
-5.45542
-5.458
-5.4554
-5.45345
-5.4541
-5.45379
-5.4538
-5.45218
-5.45607
-5.458
-5.45347
-5.44959
-5.44797
-5.44472
-5.44471
-5.44892
-5.45216
-5.45249
-5.45378
-5.45249
-5.45314
-5.45574
-5.45737
-5.45834
-5.45802
-5.45574
-5.45216
-5.44957
-5.44892
-5.44957
-5.45152
-5.4525
-5.45154
-5.45316
-5.45218
-5.4525
-5.45509
-5.45379
-5.45315
-5.45574
-5.45413
-5.45284
-5.4538
-5.45864
-5.458
-5.45833
-5.4567
-5.45638
-5.45962
-5.45607
-5.45608
-5.45316
-5.4512
-5.45281
-5.45313
-5.4528
-5.45281
-5.45541
-5.4525
-5.4538
-5.45574
-5.45475
-5.45312
-5.44957
-5.44925
-5.4512
-5.45152
-5.45088
-5.45444
-5.45153
-5.45476
-5.45572
-5.45832
-5.45476
-5.45411
-5.45574
-5.4593
-5.45833
-5.45962
-5.45606
-5.45379
-5.45346
-5.45378
-5.45121
-5.44991
-5.44958
-5.44536
-5.45022
-5.45217
-5.4512
-5.45122
-5.45543
-5.4551
-5.4567
-5.45767
-5.45443
-5.45313
-5.45314
-5.44925
-5.45185
-5.45219
-5.45253
-5.44799
-5.44862
-5.45216
-5.44989
-5.45054
-5.45055
-5.45218
-5.45349
-5.45221
-5.4522
-5.45316
-5.45122
-5.45155
-5.45316
-5.45606
-5.45671
-5.45736
-5.4577
-5.45512
-5.4561
-5.45673
-5.45445
-5.44989
-5.44958
-5.44993
-5.44996
-5.45254
-5.45252
-5.45413
-5.45607
-5.45413
-5.45444
-5.45412
-5.45251
-5.45478
-5.45511
-5.45446
-5.4535
-5.45382
-5.45316
-5.45509
-5.45476
-5.45605
-5.45378
-5.45087
-5.45152
-5.45185
-5.45153
-5.45412
-5.4538
-5.45217
-5.45509
-5.45606
-5.4567
-5.458
-5.45768
-5.45866
-5.45801
-5.45638
-5.45574
-5.45411
-5.45055
-5.45024
-5.45284
-5.45252
-5.45446
-5.45188
-5.4509
-5.45217
-5.45055
-5.45154
-5.45187
-5.44994
-5.45091
-5.45381
-5.4538
-5.45347
-5.45541
-5.45412
-5.45735
-5.45607
-5.45059
-5.4548
-5.45706
-5.45476
-5.45182
-5.45022
-5.45251
-5.45187
-5.45121
-5.45315
-5.45315
-5.45153
-5.45089
-5.45251
-5.45122
-5.45056
-5.45088
-5.45088
-5.45119
-5.4541
-5.45185
-5.45543
-5.45383
-5.45577
-5.45479
-5.4551
-5.4541
-5.45279
-5.45021
-5.45057
-5.44897
-5.45285
-5.45316
-5.45769
-5.45672
-5.45381
-5.45413
-5.45348
-5.45446
-5.45285
-5.45091
-5.45478
-5.45282
-5.45054
-5.45055
-5.45251
-5.45219
-5.45219
-5.45316
-5.45284
-5.45219
-5.44992
-5.45184
-5.45249
-5.45185
-5.44927
-5.4483
-5.4483
-5.45155
-5.45285
-5.45317
-5.45284
-5.45121
-5.44926
-5.45153
-5.45218
-5.44928
-5.44929
-5.44605
-5.44862
-5.44733
-5.44831
-5.44702
-5.44831
-5.4467
-5.4522
-5.45252
-5.45415
-5.4561
-5.45611
-5.45709
-5.45708
-5.45545
-5.4548
-5.45124
-5.45383
-5.4561
-5.45546
-5.45482
-5.45029
-5.45321
-5.45482
-5.45515
-5.45645
-5.4545
-5.45515
-5.45481
-5.4561
-5.45707
-5.45481
-5.45903
-5.45903
-5.45709
-5.45741
-5.45839
-5.46064
-5.45576
-5.45609
-5.45384
-5.45515
-5.45872
-5.45516
-5.45223
-5.4548
-5.45382
-5.45219
-5.45059
-5.45191
-5.45323
-5.4542
-5.45419
-5.45546
-5.45643
-5.45806
-5.45612
-5.45579
-5.45224
-5.45223
-5.45385
-5.4519
-5.45156
-5.45286
-5.45287
-5.45352
-5.45515
-5.45645
-5.45742
-5.45483
-5.45516
-5.45418
-5.45676
-5.4561
-5.45449
-5.45126
-5.45031
-5.44902
-5.4516
-5.45386
-5.45417
-5.45642
-5.45641
-5.45546
-5.45547
-5.45419
-5.4571
-5.45709
-5.4561
-5.45513
-5.45742
-5.45937
-5.45808
-5.45322
-5.45224
-5.45287
-5.45252
-5.45124
-5.45094
-5.4503
-5.45256
-5.45355
-5.45419
-5.45321
-5.45482
-5.45773
-5.45772
-5.45448
-5.45223
-5.45191
-5.45451
-5.45322
-5.45158
-5.45415
-5.45188
-5.45318
-5.45319
-5.45353
-5.45191
-5.45094
-5.45254
-5.45285
-5.45479
-5.45643
-5.45677
-5.45191
-5.45191
-5.45093
-5.44963
-5.45158
-5.45223
-5.45255
-5.45352
-5.45059
-5.45285
-5.45545
-5.45319
-5.45513
-5.45643
-5.45418
-5.45256
-5.45191
-5.45157
-5.45285
-5.45091
-5.44864
-5.45416
-5.45287
-5.4493
-5.45158
-5.44964
-5.44705
-5.44932
-5.44931
-5.44832
-5.45283
-5.45478
-5.45448
-5.45515
-5.45676
-5.45739
-5.45545
-5.45286
-5.45382
-5.45155
-5.4522
-5.45058
-5.45188
-5.45285
-5.45285
-5.45252
-5.45219
-5.45252
-5.4535
-5.45318
-5.45415
-5.45252
-5.45382
-5.45188
-5.45287
-5.45449
-5.45447
-5.45509
-5.45639
-5.4564
-5.45512
-5.45415
-5.45382
-5.45706
-5.45576
-5.45414
-5.45576
-5.4564
-5.45511
-5.45219
-5.45285
-5.45544
-5.45609
-5.45413
-5.45186
-5.45348
-5.45541
-5.45574
-5.45771
-5.45708
-5.4561
-5.45607
-5.45639
-5.4551
-5.45219
-5.45316
-5.45283
-5.45446
-5.4535
-5.45156
-5.45414
-5.4551
-5.45412
-5.45575
-5.45544
-5.45447
-5.45447
-5.45706
-5.4577
-5.45932
-5.45542
-5.45381
-5.45381
-5.45091
-5.45382
-5.45382
-5.45219
-5.45056
-5.44863
-5.45383
-5.45643
-5.45223
-5.45125
-5.45414
-5.4496
-5.45024
-5.45026
-5.45059
-5.45091
-5.45449
-5.45482
-5.45707
-5.45576
-5.45672
-5.45575
-5.45672
-5.45672
-5.45543
-5.45479
-5.45286
-5.45385
-5.4561
-5.45706
-5.45283
-5.45055
-5.45151
-5.45184
-5.44959
-5.45219
-5.45252
-5.45122
-5.45218
-5.45315
-5.45154
-5.45252
-5.45317
-5.45317
-5.45478
-5.45412
-5.45378
-5.45088
-5.45088
-5.45283
-5.45381
-5.45219
-5.45413
-5.4551
-5.45444
-5.45377
-5.45216
-5.45152
-5.45088
-5.45088
-5.45249
-5.44957
-5.44698
-5.45055
-5.45153
-5.45315
-5.45639
-5.45801
-5.45542
-5.45347
-5.45412
-5.45478
-5.45414
-5.45381
-5.4564
-5.45704
-5.45834
-5.45737
-5.4548
-5.45837
-5.45739
-5.45932
-5.45672
-5.45511
-5.45673
-5.45673
-5.45155
-5.45381
-5.45219
-5.44962
-5.44964
-5.44802
-5.44801
-5.44799
-5.4509
-5.45024
-5.45056
-5.44733
-5.44864
-5.44801
-5.44738
-5.44997
-5.45028
-5.45025
-5.45088
-5.4522
-5.45353
-5.4542
-5.45581
-5.45708
-5.45834
-5.45769
-5.45545
-5.4506
-5.45352
-5.4561
-5.45576
-5.45186
-5.4564
-5.45092
-5.45222
-5.45156
-5.45286
-5.45187
-5.45153
-5.45154
-5.45057
-5.45058
-5.45123
-5.45026
-5.44962
-5.44929
-5.45186
-5.45183
-5.45185
-5.44962
-5.4506
-5.4506
-5.44994
-5.45057
-5.44794
-5.44762
-5.45023
-5.45187
-5.45026
-5.45187
-5.45186
-5.45023
-5.45281
-5.45216
-5.45184
-5.45251
-5.45317
-5.45253
-5.45186
-5.45411
-5.4541
-5.45541
-5.45315
-5.45413
-5.45512
-5.45253
-5.4509
-5.4525
-5.45119
-5.45216
-5.45088
-5.45122
-5.45382
-5.45349
-5.45445
-5.45185
-5.45607
-5.45218
-5.45541
-5.45638
-5.45671
-5.45444
-5.45249
-5.45378
-5.45477
-5.45413
-5.4564
-5.45801
-5.45736
-5.45476
-5.4554
-5.45444
-5.45121
-5.45185
-5.45346
-5.45476
-5.45475
-5.45313
-5.45443
-5.45346
-5.44989
-5.44827
-5.44893
-5.44958
-5.45186
-5.4551
-5.45282
-5.4554
-5.45832
-5.45606
-5.45381
-5.4525
-5.45669
-5.45602
-5.4528
-5.45282
-5.45314
-5.44958
-5.44925
-5.45054
-5.44924
-5.44957
-5.45217
-5.45314
-5.45217
-5.45249
-5.45636
-5.45571
-5.4567
-5.45542
-5.45607
-5.45541
-5.45442
-5.45409
-5.45216
-5.45056
-5.45154
-5.45282
-5.45247
-5.4557
-5.45506
-5.45249
-5.45379
-5.45509
-5.45476
-5.45573
-5.45735
-5.45734
-5.4583
-5.45862
-5.45862
-5.45637
-5.45412
-5.45509
-5.45476
-5.45411
-5.45377
-5.45345
-5.45247
-5.44956
-5.44794
-5.45118
-5.45215
-5.45443
-5.45638
-5.45832
-5.458
-5.45865
-5.45247
-5.45082
-5.44986
-5.4515
-5.45185
-5.45639
-5.45606
-5.45605
-5.457
-5.45474
-5.45636
-5.45702
-5.45735
-5.45379
-5.45507
-5.45377
-5.45572
-5.45442
-5.4528
-5.45247
-5.45149
-5.45085
-5.45118
-5.4515
-5.45054
-5.44893
-5.45216
-5.44987
-5.45149
-5.45246
-5.45279
-5.4557
-5.45798
-5.45928
-5.45766
-5.45603
-5.45732
-5.457
-5.45409
-5.45247
-5.45344
-5.45248
-5.45474
-5.45472
-5.45309
-5.45407
-5.45473
-5.45733
-5.45701
-5.45798
-5.45797
-5.45538
-5.45572
-5.45702
-5.45766
-5.45797
-5.45603
-5.45409
-5.45248
-5.45474
-5.45215
-5.45442
-5.45118
-5.45572
-5.45246
-5.45051
-5.45086
-5.45154
-5.45316
-5.45606
-5.45248
-5.45279
-5.4528
-5.45313
-5.45313
-5.45314
-5.45347
-5.45185
-5.45378
-5.45183
-5.4554
-5.45606
-5.4538
-5.45639
-5.45574
-5.45411
-5.45346
-5.45314
-5.45314
-5.45444
-5.45412
-5.45314
-5.45539
-5.45475
-5.45378
-5.45217
-5.44797
-5.44927
-5.4483
-5.44699
-5.44699
-5.44536
-5.44732
-5.44992
-5.44765
-5.45217
-5.45378
-5.45638
-5.45379
-5.45509
-5.45542
-5.45835
-5.45835
-5.46029
-5.45703
-5.45637
-5.45249
-5.45511
-5.45446
-5.45089
-5.45086
-5.44988
-5.44956
-5.45087
-5.45056
-5.45056
-5.44991
-5.45249
-5.45118
-5.45311
-5.45085
-5.45216
-5.45444
-5.45639
-5.45607
-5.45476
-5.4541
-5.45246
-5.45375
-5.45246
-5.45539
-5.45378
-5.45378
-5.45248
-5.45409
-5.45085
-5.45215
-5.45183
-5.45377
-5.45378
-5.45248
-5.45149
-5.45278
-5.45215
-5.45477
-5.45478
-5.45283
-5.45347
-5.45216
-5.45474
-5.45797
-5.45863
-5.45798
-5.4583
-5.45896
-5.45573
-5.45347
-5.45218
-5.45251
-5.45313
-5.45376
-5.4502
-5.4515
-5.45118
-5.45184
-5.45347
-5.45477
-5.45509
-5.45185
-5.45088
-5.45153
-5.45184
-5.45182
-5.45278
-5.45117
-5.44828
-5.44927
-5.44992
-5.44992
-5.447
-5.44925
-5.45119
-5.45183
-5.45508
-5.45833
-5.45801
-5.45704
-5.45608
-5.45608
-5.45641
-5.45737
-5.45509
-5.45412
-5.45122
-5.45122
-5.4538
-5.4525
-5.4538
-5.45575
-5.45577
-5.45544
-5.45834
-5.4567
-5.45669
-5.45312
-5.4554
-5.45735
-5.45768
-5.45541
-5.45249
-5.45184
-5.45152
-5.44991
-5.45054
-5.44956
-5.45117
-5.4528
-5.45377
-5.45411
-5.45509
-5.45378
-5.45375
-5.45375
-5.44891
-5.45217
-5.45121
-5.45346
-5.4544
-5.45601
-5.45409
-5.45378
-5.45605
-5.45508
-5.45377
-5.45214
-5.45698
-5.45633
-5.45601
-5.45666
-5.45764
-5.45797
-5.45603
-5.45375
-5.45343
-5.45798
-5.45637
-5.45604
-5.4541
-5.4515
-5.4502
-5.44954
-5.45181
-5.45182
-5.45314
-5.45476
-5.45281
-5.45151
-5.45185
-5.45121
-5.45086
-5.45017
-5.44951
-5.44922
-5.4499
-5.45608
-5.45576
-5.45769
-5.45766
-5.45504
-5.45632
-5.45568
-5.45246
-5.4554
-5.4538
-5.45152
-5.45085
-5.45343
-5.4531
-5.4531
-5.45148
-5.45439
-5.45246
-5.45247
-5.45182
-5.45343
-5.45473
-5.45537
-5.4573
-5.45667
-5.45636
-5.45537
-5.45406
-5.45471
-5.45503
-5.45828
-5.45829
-5.45797
-5.45733
-5.45569
-5.45569
-5.45635
-5.45313
-5.45344
-5.45634
-5.45342
-5.45342
-5.44985
-5.44886
-5.44983
-5.45275
-5.45505
-5.45475
-5.45604
-5.45536
-5.4534
-5.45468
-5.45339
-5.45242
-5.45341
-5.45149
-5.45278
-5.45438
-5.45405
-5.45308
-5.45277
-5.45147
-5.45047
-5.44916
-5.4508
-5.45114
-5.45082
-5.4547
-5.45599
-5.45697
-5.45535
-5.45374
-5.45179
-5.44756
-5.45078
-5.45273
-5.45535
-5.45635
-5.4583
-5.45634
-5.45534
-5.45663
-5.45695
-5.45695
-5.456
-5.45407
-5.45439
-5.45535
-5.456
-5.45567
-5.4547
-5.45275
-5.45114
-5.45146
-5.44985
-5.45211
-5.4547
-5.45372
-5.45081
-5.45081
-5.45146
-5.45469
-5.45565
-5.45371
-5.45468
-5.45404
-5.45373
-5.4534
-5.45178
-5.45179
-5.45211
-5.4547
-5.456
-5.45405
-5.45179
-5.45114
-5.45113
-5.44984
-5.44822
-5.4521
-5.45438
-5.45567
-5.45696
-5.45501
-5.45309
-5.45633
-5.45795
-5.4547
-5.45728
-5.45469
-5.45534
-5.45665
-5.45927
-5.45538
-5.45503
-5.45243
-5.45242
-5.45211
-5.45309
-5.45375
-5.45505
-5.45376
-5.45504
-5.4534
-5.45437
-5.45373
-5.45245
-5.45019
-5.45181
-5.44921
-5.44759
-5.45049
-5.45146
-5.45017
-5.45309
-5.45439
-5.4547
-5.45081
-5.45051
-5.45085
-5.4544
-5.45439
-5.45439
-5.45601
-5.45342
-5.45504
-5.45537
-5.45764
-5.45441
-5.45181
-5.45147
-5.45147
-5.45341
-5.45309
-5.4547
-5.45244
-5.45343
-5.45604
-5.45734
-5.45604
-5.45472
-5.45503
-5.45535
-5.4531
-5.45343
-5.45311
-5.45084
-5.45019
-5.45375
-5.45699
-5.45893
-5.4573
-5.45861
-5.45668
-5.45638
-5.45475
-5.45214
-5.4518
-5.45179
-5.45276
-5.4531
-5.45084
-5.45246
-5.45213
-5.45375
-5.45376
-5.45506
-5.45537
-5.45375
-5.45212
-5.45602
-5.45343
-5.4544
-5.45406
-5.45406
-5.45049
-5.45213
-5.45246
-5.45344
-5.45311
-5.45373
-5.45728
-5.4547
-5.45375
-5.45538
-5.45118
-5.45052
-5.44922
-5.45212
-5.45308
-5.45374
-5.45312
-5.45443
-5.45442
-5.45797
-5.45893
-5.45633
-5.45278
-5.45053
-5.45312
-5.45377
-5.45538
-5.457
-5.45474
-5.45571
-5.45248
-5.45217
-5.4528
-5.45408
-5.4557
-5.45863
-5.45799
-5.45669
-5.45798
-5.45636
-5.45603
-5.45506
-5.45311
-5.45602
-5.4544
-5.45474
-5.45312
-5.45474
-5.45765
-5.45571
-5.45667
-5.45667
-5.45505
-5.45539
-5.45378
-5.4528
-5.45636
-5.45311
-5.45149
-5.45019
-5.45116
-5.45342
-5.45278
-5.45344
-5.45312
-5.45505
-5.45536
-5.45407
-5.45309
-5.45374
-5.45601
-5.45601
-5.45634
-5.45474
-5.45281
-5.45151
-5.45085
-5.45213
-5.45471
-5.45276
-5.45051
-5.45118
-5.45085
-5.45342
-5.4518
-5.45051
-5.44923
-5.45086
-5.45215
-5.4531
-5.45406
-5.45505
-5.4541
-5.4554
-5.45247
-5.45214
-5.45473
-5.45313
-5.45475
-5.45215
-5.45279
-5.45637
-5.45412
-5.45411
-5.45378
-5.4554
-5.45605
-5.4567
-5.45475
-5.45864
-5.45572
-5.45506
-5.4557
-5.45731
-5.457
-5.45798
-5.45766
-5.45668
-5.45474
-5.45345
-5.4528
-5.45215
-5.45441
-5.45507
-5.45022
-5.4515
-5.45182
-5.45636
-5.45638
-5.45769
-5.45541
-5.45539
-5.45247
-5.45312
-5.45474
-5.45215
-5.45377
-5.45409
-5.45571
-5.45409
-5.45376
-5.45344
-5.45344
-5.45312
-5.45408
-5.45408
-5.4515
-5.45538
-5.45343
-5.45085
-5.45021
-5.44794
-5.4515
-5.45441
-5.45442
-5.4528
-5.45474
-5.45571
-5.45505
-5.45634
-5.45376
-5.45538
-5.45798
-5.45669
-5.45507
-5.45247
-5.45148
-5.45115
-5.44889
-5.44956
-5.45248
-5.45215
-5.45052
-5.45051
-5.44986
-5.45082
-5.45245
-5.45312
-5.45571
-5.45604
-5.45441
-5.4557
-5.45633
-5.4586
-5.45635
-5.45443
-5.45606
-5.45474
-5.45342
-5.44985
-5.44952
-5.44986
-5.45053
-5.45248
-5.45442
-5.45474
-5.45247
-5.45343
-5.45504
-5.45569
