1.21864
1.226
1.2304
1.237
1.24905
1.26173
1.25878
1.23245
1.19624
1.17111
1.1644
1.16625
1.16727
1.17347
1.19198
1.20991
1.21251
1.20958
1.22669
1.27374
1.32591
1.34566
1.31992
1.26633
1.20997
1.16681
1.14962
1.15768
1.17247
1.18162
1.18042
1.16477
1.13799
1.11185
1.0966
1.09753
1.11769
1.15531
1.20133
1.24308
1.26819
1.27271
1.26443
1.25407
1.24589
1.24206
1.24517
1.25547
1.2702
1.28165
1.27976
1.25616
1.20679
1.13921
1.07998
1.06123
1.09104
1.15476
1.2291
1.28463
1.29414
1.25743
1.20979
1.18906
1.19021
1.18746
1.17364
1.15903
1.15885
1.17865
1.20523
1.22121
1.22403
1.22425
1.22823
1.22888
1.21883
1.19908
1.17695
1.16458
1.17319
1.1979
1.21452
1.20349
1.16912
1.13471
1.12317
1.1397
1.17704
1.22755
1.27786
1.30953
1.31684
1.30629
1.2824
1.24481
1.19585
1.15069
1.12983
1.13644
1.16169
1.18881
1.20418
1.20818
1.20613
1.20344
1.20623
1.21612
1.22967
1.24481
1.25968
1.26589
1.2556
1.23271
1.20697
1.1823
1.1644
1.1639
1.18325
1.20898
1.22296
1.2142
1.17841
1.12019
1.06553
1.04811
1.07576
1.13183
1.19156
1.2355
1.25732
1.25864
1.24459
1.22224
1.20061
1.19397
1.21764
1.27223
1.3374
1.37647
1.35817
1.28262
1.18434
1.11321
1.10061
1.13708
1.18683
1.21968
1.22785
1.22265
1.21892
1.22219
1.22685
1.21997
1.20135
1.18991
1.19038
1.19489
1.21601
1.26725
1.32413
1.34432
1.30878
1.23092
1.14397
1.07859
1.0502
1.05997
1.09428
1.13771
1.18581
1.23228
1.26001
1.25503
1.21871
1.17134
1.14877
1.17798
1.24388
1.30563
1.3377
1.33358
1.29727
1.24668
1.20995
1.20243
1.2132
1.22108
1.21624
1.2028
1.18663
1.17453
1.17254
1.17482
1.16731
1.14804
1.13922
1.16279
1.20473
1.22837
1.21482
1.18127
1.16818
1.19714
1.25128
1.29884
1.31207
1.27987
1.21751
1.15837
1.13028
1.13628
1.16133
1.19353
1.22471
1.24875
1.26921
1.29139
1.30974
1.31203
1.29207
1.25277
1.20165
1.15175
1.12545
1.14017
1.18702
1.23254
1.24953
1.23573
1.20186
1.16017
1.12412
1.10386
1.09958
1.10672
1.12207
1.14419
1.17557
1.21969
1.26988
1.30744
1.31449
1.28293
1.21965
1.14883
1.09986
1.08935
1.12092
1.18361
1.24859
1.28871
1.29338
1.26734
1.22517
1.18543
1.16275
1.16342
1.18252
1.20456
1.22022
1.23447
1.25212
1.2664
1.26359
1.23066
1.1688
1.10503
1.07262
1.07975
1.11156
1.14768
1.17219
1.17692
1.165
1.15434
1.16645
1.20635
1.25209
1.27273
1.25551
1.21388
1.17607
1.16594
1.18935
1.23256
1.26793
1.27492
1.25558
1.22465
1.19451
1.17364
1.16273
1.15176
1.13732
1.13333
1.15077
1.18131
1.20857
1.22208
1.21952
1.20639
1.19467
1.19532
1.20872
1.22899
1.2464
1.25032
1.23497
1.2077
1.18934
1.195
1.2158
1.22761
1.21156
1.17073
1.13614
1.13879
1.16995
1.2029
1.22446
1.23625
1.24657
1.26158
1.27996
1.29472
1.29415
1.26726
1.21688
1.16675
1.14333
1.152
1.17653
1.1931
1.1928
1.18765
1.18925
1.19831
1.20618
1.19742
1.16596
1.12611
1.09686
1.09618
1.13636
1.20847
1.28684
1.34409
1.35993
1.33326
1.29254
1.27212
1.27397
1.27103
1.24136
1.18836
1.13682
1.11193
1.11902
1.14356
1.16878
1.18667
1.19288
1.18308
1.16053
1.13322
1.10763
1.09367
1.10226
1.13094
1.16225
1.18108
1.18814
1.19192
1.19616
1.20244
1.21025
1.21625
1.221
1.22559
1.22389
1.21325
1.20581
1.21525
1.24213
1.27494
1.29692
1.29753
1.2785
1.24788
1.21241
1.18702
1.18687
1.20133
1.20203
1.17445
1.13971
1.143
1.18816
1.23156
1.25482
1.26104
1.24915
1.22325
1.19811
1.18821
1.20199
1.23542
1.2693
1.28106
1.25551
1.18877
1.1064
1.0611
1.0752
1.1283
1.19581
1.25669
1.29849
1.31957
1.31817
1.28881
1.236
1.18319
1.15379
1.14639
1.14504
1.14239
1.14115
1.14569
1.15954
1.18675
1.23147
1.27868
1.30188
1.29839
1.28439
1.26993
1.25457
1.23874
1.22178
1.19368
1.14569
1.08596
1.03632
1.02141
1.05967
1.14699
1.24622
1.31041
1.31498
1.26951
1.20834
1.16649
1.15901
1.18192
1.21966
1.25449
1.27619
1.28282
1.28134
1.28318
1.29336
1.3053
1.30077
1.26419
1.20329
1.14325
1.09842
1.06314
1.03476
1.0297
1.06853
1.14296
1.21662
1.2632
1.2829
1.28966
1.2924
1.28848
1.27404
1.25234
1.23747
1.22851
1.2029
1.17736
1.19717
1.24762
1.27213
1.25159
1.21452
1.20218
1.22918
1.2711
1.2888
1.25815
1.18274
1.09337
1.03135
1.02363
1.0629
1.11555
1.15809
1.18611
1.2061
1.22972
1.26169
1.29601
1.3206
1.31913
1.28095
1.22047
1.18197
1.1994
1.25083
1.29488
1.31591
1.30877
1.2677
1.20025
1.13576
1.11042
1.12823
1.15819
1.17206
1.1639
1.15068
1.15261
1.17101
1.19081
1.19973
1.20182
1.20768
1.21667
1.21945
1.21185
1.19886
1.19218
1.19712
1.20306
1.1971
1.17772
1.15972
1.16112
1.18563
1.22044
1.2506
1.27307
1.29022
1.29591
1.27663
1.22876
1.16688
1.11709
1.10636
1.14452
1.206
1.25009
1.25704
1.23627
1.20384
1.16246
1.11219
1.06759
1.04643
1.05664
1.10389
1.17796
1.24802
1.29506
1.31975
1.32381
1.30911
1.28949
1.27967
1.27689
1.2629
1.22393
1.16926
1.12947
1.12789
1.15856
1.20002
1.2332
1.24665
1.24162
1.22838
1.21676
1.20871
1.20364
1.20635
1.21855
1.23299
1.2389
1.22515
1.18707
1.1349
1.09512
1.09081
1.12002
1.16363
1.20055
1.21522
1.19957
1.16253
1.13159
1.13102
1.16512
1.21572
1.25653
1.27712
1.2878
1.30344
1.32518
1.33366
1.31043
1.25723
1.19009
1.12747
1.08808
1.08603
1.11449
1.14812
1.16536
1.16449
1.1612
1.16989
1.18882
1.20247
1.19643
1.17306
1.15509
1.16747
1.21296
1.27007
1.31102
1.31848
1.28855
1.22868
1.16301
1.12936
1.14497
1.18527
1.21612
1.22991
1.24106
1.25747
1.26737
1.25524
1.22114
1.18076
1.15002
1.13485
1.13589
1.15298
1.18057
1.20825
1.22316
1.21513
1.18706
1.15186
1.12163
1.10264
1.09442
1.09162
1.08865
1.08981
1.10407
1.12438
1.13748
1.14607
1.16673
1.2117
1.27146
1.32006
1.33526
1.31265
1.26689
1.21964
1.18563
1.16965
1.1719
1.1915
1.22058
1.24671
1.26587
1.27965
1.28642
1.28331
1.2732
1.25995
1.23888
1.20596
1.17366
1.159
1.15897
1.15164
1.12398
1.09163
1.08725
1.12923
1.20368
1.27463
1.31221
1.30874
1.27568
1.23158
1.19083
1.15753
1.13191
1.12155
1.13589
1.17195
1.21612
1.25454
1.276
1.27625
1.26182
1.24481
1.23035
1.21614
1.20121
1.18731
1.17562
1.16794
1.16788
1.17815
1.19931
1.22659
1.24749
1.24969
1.23016
1.1935
1.14672
1.10028
1.07388
1.09252
1.14965
1.20537
1.23423
1.23358
1.20912
1.17647
1.15442
1.14702
1.15595
1.19118
1.24401
1.28135
1.27628
1.23266
1.18785
1.18178
1.21334
1.24781
1.25907
1.24524
1.21771
1.19445
1.19319
1.21465
1.24222
1.25917
1.25584
1.22803
1.18115
1.13471
1.1103
1.11338
1.13315
1.15597
1.1726
1.17965
1.1826
1.18641
1.18462
1.17484
1.17317
1.19603
1.22857
1.23372
1.20321
1.17373
1.18401
1.23288
1.29171
1.33745
1.36154
1.36365
1.34485
1.30627
1.25293
1.19436
1.14008
1.09865
1.08088
1.08916
1.11423
1.14773
1.18228
1.20983
1.22477
1.2204
1.19578
1.1662
1.15601
1.17812
1.22502
1.27559
1.30759
1.30735
1.27331
1.21794
1.16538
1.13323
1.12191
1.1292
1.1534
1.18445
1.20811
1.21702
1.21585
1.21181
1.20454
1.19353
1.18374
1.18237
1.19519
1.2228
1.25532
1.27584
1.27373
1.2488
1.20825
1.16418
1.13316
1.13192
1.16304
1.20899
1.24345
1.24768
1.22021
1.1743
1.12777
1.09697
1.09495
1.12408
1.16585
1.19413
1.19989
1.19712
1.20999
1.24993
1.30159
1.33905
1.34768
1.32747
1.28683
1.23619
1.18439
1.14025
1.11319
1.11449
1.14923
1.19944
1.24104
1.25827
1.24535
1.21013
1.16884
1.13732
1.12391
1.12701
1.13954
1.15745
1.18052
1.2068
1.23006
1.24507
1.25359
1.26143
1.26521
1.25505
1.23462
1.21993
1.21757
1.22212
1.22446
1.2167
1.20079
1.18588
1.17603
1.17689
1.19685
1.22857
1.25814
1.27864
1.28458
1.26935
1.2285
1.16716
1.10689
1.08056
1.10741
1.17004
1.23007
1.26153
1.26039
1.2388
1.21315
1.20059
1.21265
1.23642
1.24737
1.23634
1.21282
1.1902
1.17388
1.16232
1.15922
1.17425
1.2033
1.23339
1.25867
1.2756
1.28011
1.27014
1.24495
1.21225
1.18837
1.17697
1.17315
1.1802
1.19725
1.2141
1.2285
1.23995
1.24023
1.22348
1.1919
1.15842
1.14398
1.15696
1.18457
1.21143
1.23346
1.25412
1.27365
1.28603
1.28212
1.25319
1.20603
1.17252
1.16883
1.17248
1.16613
1.15805
1.16129
1.17766
1.19801
1.2117
1.21343
1.20242
1.17934
1.14879
1.12438
1.12413
1.15336
1.19971
1.24015
1.25123
1.22657
1.18402
1.15322
1.15501
1.18851
1.232
1.25637
1.24668
1.21591
1.19505
1.19955
1.20875
1.19911
1.17931
1.17454
1.19524
1.23155
1.26881
1.29577
1.29843
1.26529
1.20616
1.14915
1.1116
1.09612
1.10825
1.15099
1.20823
1.25147
1.26665
1.2623
1.24906
1.22983
1.21039
1.19723
1.18978
1.18696
1.19224
1.20462
1.2122
1.20225
1.17553
1.14439
1.11961
1.11386
1.14341
1.19794
1.24583
1.27265
1.28206
1.28006
1.2642
1.22671
1.18357
1.1757
1.1938
1.20031
1.19739
1.2028
1.21872
1.23146
1.22607
1.20012
1.16998
1.15866
1.17546
1.21152
1.24777
1.26038
1.23019
1.16975
1.12185
1.11532
1.14562
1.18835
1.2251
1.2558
1.28255
1.29773
1.29306
1.26611
1.2197
1.16107
1.1038
1.06944
1.07807
1.13115
1.20797
1.27879
1.31744
1.31541
1.28538
1.24995
1.22887
1.22774
1.23393
1.22925
1.20463
1.16409
1.1262
1.11456
1.13988
1.19209
1.24993
1.29372
1.31648
1.32333
1.3155
1.28704
1.23713
1.17788
1.12887
1.10305
1.09759
1.1029
1.11776
1.14749
1.19023
1.23722
1.27605
1.29265
1.28001
1.24171
1.19093
1.14705
1.12519
1.13017
1.15833
1.19685
1.22885
1.24236
1.23807
1.22856
1.22388
1.22675
1.2357
1.24537
1.24564
1.22865
1.19926
1.17361
1.16438
1.17038
1.18339
1.20168
1.22771
1.25428
1.26506
1.24992
1.21481
1.17589
1.14847
1.14318
1.16491
1.20645
1.24555
1.25986
1.24168
1.20297
1.16878
1.15413
1.15177
1.15205
1.15668
1.16573
1.17277
1.17316
1.16941
1.17006
1.18271
1.20554
1.23018
1.24869
1.25783
1.2599
1.2558
1.24311
1.22419
1.20854
1.20137
1.19551
1.18084
1.16075
1.15239
1.16758
1.20576
1.25677
1.30301
1.32606
1.31633
1.2816
1.23902
1.20127
1.1755
1.16422
1.16609
1.18443
1.21459
1.22888
1.20472
1.14682
1.08147
1.04106
1.04149
1.07715
1.13537
1.1984
1.24302
1.25865
1.26147
1.26685
1.26755
1.26047
1.25578
1.26667
1.295
1.32494
1.33282
1.30428
1.24427
1.17465
1.12935
1.14004
1.19729
1.25044
1.26066
1.23001
1.1828
1.13817
1.10358
1.08633
1.09607
1.13039
1.17393
1.21718
1.25874
1.28936
1.29427
1.26977
1.22772
1.18565
1.15667
1.14576
1.15148
1.1693
1.19446
1.21949
1.23337
1.23161
1.21918
1.20428
1.19405
1.1966
1.21461
1.24068
1.26332
1.27069
1.25742
1.22809
1.19639
1.17987
1.18531
1.1977
1.19667
1.18265
1.1558
1.1094
1.06718
1.06295
1.09983
1.15632
1.20875
1.2374
1.23895
1.22774
1.21904
1.22021
1.23534
1.27022
1.32206
1.36445
1.36281
1.3062
1.22096
1.15357
1.1317
1.14289
1.15812
1.16384
1.16423
1.16992
1.18588
1.20544
1.21764
1.21557
1.20085
1.18127
1.16572
1.16561
1.19475
1.25777
1.33414
1.38499
1.38133
1.31641
1.20609
1.0879
1.00909
0.99902
1.04413
1.09986
1.13426
1.15021
1.16744
1.19365
1.22213
1.24836
1.27188
1.29165
1.30719
1.3062
1.2794
1.24377
1.22511
1.23529
1.26566
1.29653
1.31149
1.3043
1.27636
1.22869
1.16588
1.1085
1.08242
1.09135
1.119
1.15188
1.18581
1.21451
1.22692
1.21602
1.18426
1.14394
1.11381
1.10978
1.13221
1.16262
1.18119
1.18268
1.17496
1.17091
1.17513
1.18011
1.18042
1.1799
1.18393
1.19762
1.22633
1.26322
1.29085
1.29704
1.27808
1.2404
1.19826
1.16368
1.14113
1.1331
1.14082
1.15642
1.16979
1.17833
1.18515
1.19598
1.2054
1.20456
1.19351
1.17672
1.16719
1.17921
1.21167
1.24872
1.27164
1.27345
1.25855
1.22944
1.18956
1.16044
1.16721
1.20437
1.24355
1.25965
1.24214
1.19613
1.13859
1.09423
1.09136
1.14293
1.22484
1.29341
1.31647
1.29126
1.247
1.21559
1.2005
1.1903
1.18252
1.1767
1.16519
1.14733
1.132
1.12991
1.14994
1.1903
1.23704
1.27365
1.29043
1.28691
1.26752
1.23595
1.19468
1.1536
1.13512
1.1577
1.21587
1.28402
1.32847
1.3307
1.29609
1.24092
1.18888
1.16671
1.18026
1.20971
1.23022
1.22782
1.20797
1.19469
1.20946
1.24473
1.27095
1.26897
1.23806
1.18489
1.12117
1.07288
1.07109
1.1051
1.14077
1.17572
1.2059
1.21304
1.20178
1.18627
1.17573
1.18131
1.21548
1.27255
1.32964
1.36517
1.3633
1.32084
1.26089
1.21703
1.19868
1.19823
1.20182
1.19317
1.16553
1.12736
1.10216
1.1129
1.15755
1.20981
1.2462
1.25923
1.25582
1.25132
1.25335
1.25405
1.24206
1.21675
1.1893
1.17477
1.17515
1.17981
1.19188
1.21655
1.23934
1.24187
1.21973
1.18194
1.14583
1.12811
1.13793
1.16911
1.20332
1.23062
1.25158
1.26189
1.25288
1.21832
1.16077
1.1012
1.07267
1.1005
1.17739
1.2607
1.31344
1.33717
1.34543
1.33477
1.30481
1.27072
1.24119
1.21511
1.19055
1.16834
1.14767
1.1281
1.11629
1.11775
1.1279
1.13789
1.14518
1.15369
1.16899
1.19289
1.21177
1.20445
1.16849
1.13192
1.13095
1.16704
1.21451
1.25441
1.27933
1.28634
1.27748
1.26164
1.24535
1.22949
1.21889
1.22069
1.22889
1.22824
1.21079
1.18064
1.1479
1.12404
1.12104
1.14665
1.18889
1.21236
1.1966
1.16378
1.15168
1.16796
1.19837
1.23269
1.26676
1.29847
1.31895
1.31473
1.28562
1.24925
1.22654
1.22217
1.22042
1.20753
1.18645
1.16357
1.13903
1.11347
1.09717
1.10161
1.12507
1.15508
1.17549
1.17968
1.17669
1.1837
1.21115
1.24984
1.27541
1.26781
1.22639
1.17025
1.12853
1.12231
1.14784
1.18715
1.2324
1.27724
1.30261
1.29611
1.26751
1.23746
1.2179
1.2098
1.21228
1.22862
1.26099
1.29429
1.30035
1.2636
1.19279
1.11025
1.03785
0.997533
1.00777
1.06421
1.13728
1.19675
1.23075
1.24661
1.25954
1.27722
1.29462
1.30033
1.28463
1.24799
1.20523
1.17866
1.18113
1.20802
1.24337
1.27005
1.27758
1.26143
1.22049
1.16094
1.10809
1.09189
1.107
1.13525
1.16204
1.17547
1.17448
1.17185
1.18016
1.19638
1.21027
1.21533
1.20721
1.1875
1.16792
1.16079
1.16727
1.17734
1.18084
1.17953
1.18573
1.21012
1.2515
1.29519
1.32029
1.31546
1.28922
1.25871
1.23448
1.21586
1.19917
1.18984
1.19923
1.23159
1.27887
1.31745
1.32235
1.28609
1.22023
1.14783
1.09161
1.06952
1.08973
1.14049
1.19496
1.22779
1.22241
1.17706
1.12101
1.10751
1.16238
1.24936
1.30917
1.30941
1.26116
1.21236
1.207
1.23838
1.27299
1.28778
1.2739
1.23868
1.20589
1.20009
1.21603
1.22358
1.21003
1.18021
1.14378
1.12154
1.12634
1.15189
1.18601
1.21713
1.23404
1.22631
1.18956
1.13841
1.1141
1.14995
1.22218
1.27824
1.28858
1.25177
1.18555
1.12864
1.12276
1.16958
1.23111
1.27211
1.28
1.25836
1.22227
1.19113
1.17902
1.19078
1.2156
1.22881
1.21268
1.17246
1.1309
1.11125
1.12384
1.16042
1.20261
1.23112
1.22979
1.19455
1.14201
1.10405
1.10691
1.15199
1.2189
1.27978
1.31453
1.32248
1.315
1.29543
1.2597
1.21437
1.17612
1.15257
1.14098
1.14499
1.17263
1.22074
1.27177
1.30474
1.31008
1.29223
1.26282
1.23721
1.22211
1.20642
1.18107
1.15058
1.11853
1.08626
1.06423
1.05589
1.05052
1.05254
1.07779
1.12643
1.18584
1.24142
1.28026
1.30078
1.31636
1.33716
1.35111
1.3385
1.29503
1.23494
1.18907
1.18071
1.19299
1.19908
1.19268
1.1769
1.15844
1.14847
1.15136
1.15829
1.16039
1.15515
1.1432
1.13404
1.14569
1.18124
1.21626
1.22582
1.21072
1.19026
1.18625
1.20609
1.23111
1.23599
1.21222
1.17473
1.1543
1.17335
1.22386
1.27611
1.30621
1.31127
1.29908
1.27297
1.23328
1.19019
1.16421
1.16866
1.20064
1.23613
1.2485
1.23429
1.20472
1.17225
1.14658
1.13453
1.13805
1.15482
1.18821
1.23879
1.2931
1.33227
1.3417
1.31199
1.24071
1.14302
1.06412
1.05281
1.10733
1.18207
1.23732
1.25779
1.24629
1.22419
1.21778
1.23424
1.26472
1.29153
1.298
1.27866
1.24161
1.19973
1.15895
1.11987
1.08976
1.08332
1.10712
1.15341
1.21161
1.26766
1.2982
1.2886
1.25038
1.21136
1.18807
1.17768
1.17697
1.18881
1.20718
1.21757
1.21451
1.20631
1.20151
1.19834
1.19037
1.18226
1.17393
1.15112
1.11994
1.10827
1.13372
1.1883
1.24898
1.29558
1.321
1.32768
1.32166
1.30717
1.28027
1.23887
1.19576
1.16745
1.15508
1.14502
1.12833
1.11094
1.10253
1.10399
1.10885
1.11746
1.14893
1.21457
1.28199
1.30852
1.28493
1.23752
1.20292
1.1955
1.20888
1.23457
1.26182
1.27595
1.26649
1.23798
1.21118
1.20425
1.21415
1.22407
1.22127
1.20415
1.1814
1.16503
1.16186
1.16997
1.17891
1.17845
1.1708
1.1695
1.18637
1.21997
1.25702
1.28047
1.27638
1.24406
1.19703
1.1551
1.13495
1.13793
1.14514
1.13814
1.11965
1.11093
1.12698
1.16372
1.2152
1.27524
1.32855
1.35617
1.34877
1.31687
1.28604
1.27324
1.26482
1.2321
1.16864
1.09972
1.05864
1.06219
1.10299
1.1554
1.19113
1.19924
1.18729
1.17064
1.16843
1.19515
1.24653
1.29841
1.32361
1.308
1.25411
1.18077
1.11684
1.09029
1.10894
1.15437
1.20224
1.2359
1.25131
1.25415
1.25137
1.24494
1.23125
1.21006
1.18603
1.16218
1.14794
1.16421
1.21678
1.28063
1.32236
1.324
1.28903
1.23504
1.18296
1.14706
1.12883
1.12454
1.13554
1.16479
1.20472
1.23811
1.24901
1.22579
1.17197
1.11495
1.08657
1.09791
1.1413
1.2006
1.25466
1.28817
1.29766
1.28531
1.25349
1.20414
1.14404
1.09288
1.07607
1.10188
1.15249
1.2003
1.229
1.23591
1.22345
1.19832
1.17455
1.16884
1.18814
1.22326
1.25977
1.28961
1.30619
1.30182
1.27257
1.22364
1.17221
1.13981
1.13313
1.13711
1.14268
1.16147
1.2021
1.25191
1.28612
1.28587
1.24984
1.19452
1.14741
1.13273
1.15195
1.18431
1.20965
1.22118
1.22127
1.2196
1.22224
1.21607
1.19408
1.16934
1.16069
1.17414
1.19998
1.22535
1.2336
1.21371
1.18149
1.16979
1.18924
1.21682
1.22438
1.20406
1.17769
1.18113
1.21896
1.26309
1.2902
1.28893
1.25808
1.20878
1.16125
1.13493
1.13751
1.16344
1.19622
1.21909
1.23135
1.24359
1.26218
1.28077
1.28404
1.26127
1.21566
1.15938
1.10748
1.0798
1.09409
1.14742
1.21384
1.26458
1.28871
1.29315
1.28053
1.23867
1.16419
1.09346
1.08571
1.15977
1.27411
1.36891
1.40306
1.3646
1.27059
1.16465
1.09551
1.08821
1.13614
1.20432
1.24803
1.24385
1.20223
1.15057
1.111
1.09253
1.09556
1.11748
1.15337
1.19093
1.21822
1.23255
1.23577
1.23142
1.22932
1.23702
1.23975
1.22129
1.18926
1.16564
1.16481
1.18418
1.21117
1.23364
1.24512
1.24857
1.25985
1.28403
1.29535
1.27392
1.22895
1.17786
1.12857
1.08518
1.06337
1.08635
1.16301
1.26612
1.34572
1.36789
1.33528
1.27852
1.23201
1.21222
1.21624
1.23302
1.24584
1.23719
1.206
1.16853
1.13991
1.11781
1.08763
1.05331
1.04973
1.09677
1.16793
1.23252
1.27889
1.30475
1.31252
1.30256
1.26871
1.21111
1.14882
1.11529
1.13797
1.20787
1.28023
1.31288
1.29592
1.25187
1.21163
1.19481
1.20748
1.23894
1.26625
1.27202
1.25404
1.22208
1.18855
1.16156
1.14653
1.144
1.14845
1.15523
1.16043
1.16109
1.16247
1.17058
1.18026
1.18189
1.17448
1.16452
1.16085
1.17162
1.19532
1.22235
1.24603
1.26292
1.27003
1.27057
1.27137
1.27195
1.26933
1.25896
1.23293
1.19544
1.15998
1.13356
1.11832
1.117
1.1247
1.13838
1.16834
1.21534
1.25509
1.26642
1.25605
1.24337
1.24118
1.25867
1.29075
1.30598
1.27794
1.215
1.14926
1.11095
1.11208
1.14223
1.17966
1.20556
1.20646
1.18017
1.14916
1.14381
1.16864
1.20766
1.23894
1.24808
1.23434
1.20563
1.175
1.15622
1.15319
1.15501
1.14973
1.14372
1.15641
1.18855
1.21513
1.21888
1.20953
1.20794
1.22242
1.24661
1.27221
1.29635
1.3105
1.29759
1.25231
1.18908
1.12699
1.07762
1.04773
1.04757
1.08637
1.15336
1.21671
1.24669
1.23348
1.19128
1.14948
1.13314
1.14535
1.17365
1.20555
1.23125
1.24815
1.26239
1.27642
1.28636
1.29816
1.32265
1.34781
1.34539
1.30004
1.22155
1.13964
1.08074
1.05448
1.05686
1.07436
1.09694
1.12507
1.16274
1.20475
1.23631
1.24932
1.24862
1.24498
1.24174
1.23172
1.21009
1.18322
1.16591
1.17197
1.19884
1.22569
1.23048
1.20601
1.16539
1.13876
1.14874
1.1861
1.22247
1.23522
1.22005
1.18954
1.16556
1.16935
1.20652
1.25749
1.29054
1.28854
1.25683
1.21587
1.19038
1.18647
1.18845
1.18548
1.17922
1.17793
1.18612
1.19691
1.20293
1.20385
1.19376
1.16799
1.14768
1.15763
1.19227
1.22372
1.23801
1.24312
1.24443
1.23881
1.22652
1.2116
1.20316
1.21131
1.23056
1.24425
1.24244
1.22763
1.2092
1.1951
1.19075
1.20099
1.21972
1.23073
1.22725
1.21336
1.19504
1.17872
1.16971
1.17072
1.18345
1.20653
1.22662
1.22626
1.20137
1.16517
1.13532
1.12153
1.1263
1.14837
1.18522
1.23469
1.28744
1.32398
1.32716
1.29744
1.25109
1.21062
1.19839
1.21736
1.24034
1.24027
1.22155
1.2088
1.21226
1.21829
1.20685
1.16924
1.12061
1.09534
1.11125
1.14244
1.15369
1.14314
1.13552
1.14877
1.17584
1.19771
1.20979
1.22723
1.2545
1.27297
1.27205
1.26211
1.25335
1.24573
1.2356
1.21974
1.197
1.16717
1.135
1.11589
1.12476
1.15787
1.19594
1.2227
1.23428
1.2363
1.23553
1.23131
1.22069
1.20897
1.20398
1.19999
1.19263
1.20034
1.2344
1.27515
1.29132
1.26857
1.22238
1.18543
1.17468
1.18275
1.19894
1.21403
1.21911
1.21039
1.19259
1.174
1.15818
1.14149
1.12031
1.09988
1.09128
1.09803
1.11597
1.144
1.18319
1.22571
1.25955
1.28072
1.29198
1.29384
1.28221
1.25531
1.21862
1.18345
1.16282
1.16384
1.18287
1.20728
1.22237
1.21794
1.1945
1.16635
1.1549
1.17386
1.21172
1.23855
1.23653
1.21095
1.17856
1.15645
1.15702
1.18476
1.22662
1.25873
1.26788
1.25578
1.23426
1.22369
1.24214
1.28597
1.32684
1.33124
1.28811
1.21671
1.15186
1.12334
1.13792
1.17332
1.19934
1.20234
1.18604
1.16198
1.14179
1.13714
1.15591
