0 -0.460747 0.0103126
1 -0.512247 0.00814496
2 -0.550549 0.00589047
3 -0.591884 0.00511682
4 -0.621746 0.00522605
5 -0.647246 0.00486131
6 -0.665872 0.0046172
7 -0.687098 0.00359911
8 -0.701534 0.00347383
9 -0.716531 0.00300882
10 -0.7259 0.00406981
11 -0.73408 0.00411646
12 -0.742697 0.0045117
13 -0.747431 0.00455342
14 -0.755974 0.00436461
15 -0.762146 0.0037904
16 -0.765025 0.00359618
17 -0.76934 0.00327903
18 -0.773306 0.00276032
19 -0.776874 0.00329761
20 -0.779709 0.00297414
21 -0.781858 0.00309131
22 -0.781169 0.00292337
23 -0.780411 0.00252165
24 -0.7841 0.00281663
25 -0.785626 0.00267074
26 -0.786465 0.00281969
27 -0.788499 0.00340266
28 -0.79086 0.00305745
29 -0.792151 0.00317988
30 -0.792296 0.00302335
31 -0.792752 0.00290675
32 -0.791813 0.00362255
33 -0.789517 0.0037432
34 -0.790066 0.00365454
35 -0.788778 0.00359129
36 -0.787192 0.00379679
37 -0.786229 0.00342856
38 -0.786483 0.00361026
39 -0.788062 0.00338765
40 -0.787996 0.00320127
41 -0.78871 0.00291148
42 -0.787119 0.00286854
43 -0.789979 0.00300649
44 -0.789346 0.00328691
45 -0.787011 0.00338926
46 -0.786146 0.00332373
47 -0.787758 0.00312397
48 -0.787495 0.00325228
49 -0.787951 0.0035973
50 -0.784812 0.00351645
51 -0.783482 0.00431724
52 -0.783619 0.00368082
53 -0.78404 0.00290307
54 -0.785904 0.002857
55 -0.788702 0.00220498
56 -0.786679 0.00242543
57 -0.786105 0.00264529
58 -0.785158 0.00264758
59 -0.782683 0.00337379
60 -0.784657 0.00312445
61 -0.78474 0.00350998
62 -0.783729 0.00383625
63 -0.784611 0.00415228
64 -0.782714 0.00408104
65 -0.785536 0.00366729
66 -0.787128 0.00401311
67 -0.787517 0.00342151
68 -0.788077 0.00355947
69 -0.787206 0.00325285
70 -0.78719 0.00250663
71 -0.788354 0.00242305
72 -0.789305 0.00200984
73 -0.788663 0.00225224
74 -0.788176 0.00226428
75 -0.789442 0.00220406
76 -0.788042 0.00185838
77 -0.786627 0.00241965
78 -0.786929 0.00251492
79 -0.786188 0.00269459
80 -0.784484 0.00311072
81 -0.784968 0.00347608
82 -0.784421 0.00345859
83 -0.785504 0.00291598
84 -0.784978 0.00327011
85 -0.784717 0.00316201
86 -0.78434 0.00327292
87 -0.783591 0.00327673
88 -0.785608 0.00296093
89 -0.785869 0.00279687
90 -0.785651 0.00301733
91 -0.785301 0.00272564
92 -0.784778 0.00282639
93 -0.784072 0.00306548
94 -0.783915 0.0033643
95 -0.782902 0.00282085
96 -0.784077 0.0025604
97 -0.783354 0.00298117
98 -0.781322 0.00323358
99 -0.780823 0.00293809
100 -0.780518 0.00297442
101 -0.780458 0.00302125
102 -0.778902 0.00331033
103 -0.778618 0.00325008
104 -0.779263 0.00263617
105 -0.778289 0.00228803
106 -0.778576 0.00258605
107 -0.776906 0.00267817
108 -0.77636 0.00300698
109 -0.777612 0.00283612
110 -0.776966 0.00267997
111 -0.77818 0.00234374
112 -0.778605 0.00269267
113 -0.778038 0.00305657
114 -0.778166 0.00317545
115 -0.777811 0.00323165
116 -0.778322 0.00290537
117 -0.780399 0.00297348
118 -0.78015 0.0024541
119 -0.779727 0.00235097
120 -0.777412 0.00217992
121 -0.778046 0.00225684
122 -0.776486 0.00287416
123 -0.777339 0.00320894
124 -0.778147 0.00334821
125 -0.777586 0.00321411
126 -0.775692 0.00319341
127 -0.776143 0.00314166
128 -0.777729 0.00334338
129 -0.778865 0.00308929
130 -0.779652 0.00289405
131 -0.781273 0.00288596
132 -0.781573 0.00297841
133 -0.783165 0.00314287
134 -0.782451 0.00341929
135 -0.782908 0.00328254
136 -0.78134 0.00318325
137 -0.780177 0.00305882
138 -0.780595 0.00321094
139 -0.779278 0.00357094
140 -0.778671 0.00301379
141 -0.77696 0.00317947
142 -0.777035 0.00312274
143 -0.778896 0.00290761
144 -0.778548 0.00263866
145 -0.779029 0.00293357
146 -0.780202 0.00301851
147 -0.779533 0.00301772
148 -0.780899 0.00303997
149 -0.781786 0.00305535
150 -0.781362 0.00255237
151 -0.783742 0.0024904
152 -0.781359 0.00251414
153 -0.775582 0.0022136
154 -0.774932 0.00261607
155 -0.775041 0.00313893
156 -0.776539 0.00311143
157 -0.77631 0.00318665
158 -0.775036 0.00315521
159 -0.776794 0.00308445
160 -0.777882 0.00333126
161 -0.777288 0.00335272
162 -0.778575 0.00353958
163 -0.778044 0.00352974
164 -0.778144 0.00359787
165 -0.779925 0.00332385
166 -0.781175 0.00301119
167 -0.781767 0.00298579
168 -0.780728 0.00270893
169 -0.781046 0.00288341
170 -0.782204 0.00262245
171 -0.780529 0.0026329
172 -0.780742 0.00280528
173 -0.778687 0.00309624
174 -0.778412 0.00356322
175 -0.780205 0.00300631
176 -0.779162 0.00318819
177 -0.779716 0.0036977
178 -0.778868 0.00336318
179 -0.779465 0.0026962
180 -0.781109 0.0033444
181 -0.784285 0.00270535
182 -0.783755 0.00311443
183 -0.783079 0.00315409
184 -0.781572 0.00279463
185 -0.780795 0.00275424
186 -0.782732 0.00304123
187 -0.781333 0.00251455
188 -0.783017 0.00274966
189 -0.784448 0.00275185
190 -0.782007 0.00299264
191 -0.782537 0.00287358
192 -0.781494 0.00229233
193 -0.78193 0.00221136
194 -0.782983 0.00207304
195 -0.779463 0.00184713
196 -0.778441 0.00222428
197 -0.776874 0.00224317
198 -0.779416 0.00271048
199 -0.780346 0.00250416
200 -0.780894 0.00284493
201 -0.779785 0.00242485
202 -0.778227 0.00298149
203 -0.778314 0.0027817
204 -0.777285 0.002584
205 -0.775907 0.0024839
206 -0.777998 0.00258521
207 -0.77834 0.0030226
208 -0.778999 0.0023827
209 -0.779681 0.00273701
210 -0.779577 0.00281777
211 -0.782396 0.00283979
212 -0.779818 0.00300463
213 -0.777677 0.00297705
214 -0.778794 0.00315532
215 -0.77758 0.00294855
216 -0.778159 0.00267948
217 -0.778351 0.00299474
218 -0.779157 0.00304457
219 -0.778315 0.00308422
220 -0.779454 0.00278262
221 -0.778776 0.00281687
222 -0.779906 0.00309622
223 -0.780253 0.00334263
224 -0.779277 0.00281007
225 -0.780941 0.00299293
226 -0.782611 0.00283836
227 -0.781288 0.00315796
228 -0.783327 0.00243458
229 -0.781242 0.00258818
230 -0.782695 0.0025973
231 -0.781659 0.00309448
232 -0.782054 0.00259151
233 -0.783094 0.00291599
234 -0.78096 0.00325362
235 -0.780652 0.00366429
236 -0.782583 0.00340313
237 -0.782154 0.00334338
238 -0.783766 0.00385533
239 -0.784847 0.00438874
240 -0.783877 0.00491733
241 -0.780906 0.00480757
242 -0.783102 0.00440429
243 -0.781796 0.00401923
244 -0.782562 0.00460096
245 -0.782282 0.00428097
246 -0.780509 0.00424444
247 -0.783934 0.00412868
248 -0.787022 0.00379661
249 -0.789272 0.00374172
250 -0.78934 0.00323632
251 -0.78968 0.00327256
252 -0.787605 0.00287844
253 -0.787288 0.00312125
254 -0.784667 0.00306318
255 -0.78365 0.00300852
256 -0.781448 0.00383651
257 -0.780462 0.00374629
258 -0.779723 0.00281869
259 -0.780007 0.00196059
260 -0.781093 0.0022279
261 -0.782949 0.00200741
262 -0.783514 0.00243835
263 -0.782955 0.00263036
264 -0.785479 0.00284337
265 -0.786358 0.00309811
266 -0.786428 0.00276991
267 -0.790149 0.00296153
268 -0.788343 0.00298849
269 -0.789687 0.00252311
270 -0.788202 0.00350122
271 -0.785669 0.00336049
272 -0.788005 0.00335258
273 -0.787893 0.00348647
274 -0.786121 0.00306976
275 -0.784106 0.00287661
276 -0.782012 0.00262125
277 -0.778886 0.00247434
278 -0.782045 0.00333367
279 -0.781783 0.00350952
280 -0.778551 0.00356425
281 -0.771326 0.00410758
282 -0.76871 0.00428074
283 -0.761496 0.00401852
284 -0.757278 0.0043415
285 -0.755347 0.00420313
286 -0.749414 0.00395805
287 -0.742546 0.00349694
288 -0.733989 0.00279167
289 -0.723764 0.00279751
290 -0.712704 0.00300312
291 -0.698833 0.00400135
292 -0.688334 0.00402625
293 -0.671111 0.00470607
294 -0.650548 0.00548355
295 -0.629574 0.00631668
296 -0.598776 0.00622065
297 -0.563852 0.00720584
298 -0.522667 0.00717762
299 -0.468899 0.00921805
