1.57099
1.51867
1.45933
1.54507
1.63613
1.68731
1.54621
1.60366
1.64385
1.69504
1.6501
1.77219
1.64815
1.56368
1.59152
1.69423
1.62224
1.60819
1.63411
1.55422
1.69044
1.51678
1.51525
1.5671
1.71808
1.77069
1.62021
1.67734
1.63993
1.74486
1.72252
1.55622
1.71651
1.63913
1.74249
1.75114
1.54336
1.58138
1.60723
1.80866
1.6967
1.60875
1.81263
1.66765
1.68252
1.72926
1.66418
1.62895
1.60436
1.79142
1.6473
1.62904
1.53862
1.61811
1.71172
1.57224
1.68782
1.6499
1.6467
1.72385
1.62863
1.63841
1.67024
1.68951
1.61531
1.59678
1.59367
1.64021
1.49996
1.65152
1.54445
1.65062
1.56939
1.60017
1.50062
1.5665
1.68442
1.69733
1.57821
1.59027
1.5677
1.4441
1.68501
1.57749
1.55505
1.62265
1.48608
1.71904
1.74126
1.64393
1.6175
1.66469
1.71718
1.58148
1.69832
1.77364
1.50716
1.56933
1.61604
1.6165
1.62007
1.66464
1.82455
1.78223
1.65601
1.40972
1.52958
1.71336
1.62001
1.67722
1.64384
1.63063
1.52598
1.72688
1.60051
1.64161
1.71384
1.72562
1.75791
1.68711
1.77875
1.51651
1.71424
1.62735
1.64109
1.66183
1.64087
1.52041
1.54192
1.62409
1.67549
1.60019
1.73602
1.67005
1.67331
1.71911
1.73056
1.62529
1.74003
1.64145
1.51815
1.64335
1.56274
1.58097
1.65781
1.58896
1.71953
1.61878
1.62517
1.62132
1.73251
1.69208
1.62927
1.54923
1.57974
1.64602
1.65296
1.6479
1.6389
1.6844
1.70562
1.60312
1.75895
1.60529
1.73669
1.75614
1.49176
1.66291
1.50543
1.65154
1.58139
1.59893
1.63274
1.55665
1.48284
1.63547
1.61241
1.56639
1.61219
1.69638
1.70583
1.5386
1.6817
1.65211
1.63741
1.61695
1.74231
1.57319
1.69331
1.81676
1.72817
1.67337
1.541
1.65768
1.68608
1.62519
1.6574
1.56981
1.61712
1.66971
1.62162
1.74809
1.6233
1.6523
1.55969
1.84718
1.74697
1.6142
1.70678
1.92073
1.55239
1.69362
1.5597
1.70171
1.61405
1.69547
1.64362
1.61983
1.65302
1.64862
1.66532
1.67687
1.70239
1.62159
1.6213
1.60664
1.82772
1.56943
1.5087
1.51778
1.61545
1.56787
1.47497
1.70162
1.72893
1.64282
1.59281
1.54
1.58346
1.59005
1.55667
1.73935
1.63963
1.59731
1.69885
1.72354
1.71225
1.79134
1.67728
1.61999
1.57672
1.4742
1.67431
1.63098
1.48066
1.70523
1.78126
1.48284
1.63207
1.6246
1.67546
1.52851
1.66629
1.75613
1.75294
1.67401
1.75802
1.76756
1.65288
1.58933
1.56328
1.71159
1.63491
1.62793
1.61272
1.70021
1.65617
1.71209
1.59534
1.55951
1.74224
1.71702
1.6305
1.61525
1.58503
1.65808
1.65113
1.68443
1.68274
1.62412
1.62657
1.75299
1.75513
1.65631
1.53327
1.63816
1.71686
1.58707
1.68539
1.65447
1.59296
1.56204
1.6511
1.65467
1.65177
1.62542
1.6643
1.58127
1.65411
1.69073
1.67939
1.61434
1.72453
1.73994
1.6406
1.61972
1.65849
1.76935
1.75178
1.64416
1.51514
1.66892
1.69094
1.52669
1.51791
1.67243
1.50484
1.68878
1.76272
1.58489
1.45905
1.70728
1.39015
1.65565
1.68954
1.52049
1.69944
1.67688
1.57434
1.6233
1.52932
1.67759
1.67264
1.67027
1.52914
1.57363
1.65862
1.49823
1.50258
1.47707
1.56826
1.66356
1.59841
1.54836
1.66045
1.57669
1.66232
1.65168
1.65207
1.60511
1.67677
1.72659
1.64777
1.65533
1.76554
1.63691
1.60163
1.58584
1.72047
1.67993
1.69532
1.72164
1.69136
1.77218
1.6557
1.69826
1.81896
1.69312
1.63952
1.76029
1.65517
1.70699
1.61216
1.53887
1.62334
1.59392
1.77243
1.65
1.73238
1.61054
1.62898
1.67036
1.50677
1.73363
1.56041
1.74056
1.62383
1.70592
1.66832
1.57941
1.44056
1.62606
1.67665
1.64522
1.6244
1.64367
1.56706
1.65676
1.59395
1.61555
1.56162
1.57113
1.56462
1.693
1.61586
1.62461
1.67791
1.74577
1.54357
1.64601
1.7262
1.75566
1.54669
1.66757
1.51746
1.5381
1.62798
1.51629
1.6379
1.71851
1.68126
1.65669
1.57687
1.72946
1.65774
1.70737
1.58139
1.70835
1.73184
1.59711
1.56183
1.6587
1.62505
1.57568
1.64205
1.60939
1.647
1.58622
1.72311
1.79582
1.5631
1.61855
1.64977
1.70212
1.61976
1.60396
1.68111
1.62172
1.50888
1.59031
1.61746
1.63297
1.72579
1.59519
1.56682
1.63676
1.56288
1.64334
1.67646
1.679
1.5069
1.63048
1.74266
1.68766
1.68876
1.55949
1.5357
1.53033
1.61516
1.62178
1.69924
1.68662
1.76517
1.74527
1.65582
1.74831
1.55159
1.58414
1.72462
1.62532
1.6733
1.5369
1.60612
1.62827
1.68538
1.76155
1.60729
1.66801
1.58858
1.67756
1.58593
1.5541
1.53251
1.62788
1.69913
1.61749
1.68595
1.67314
1.7096
1.70186
1.67618
1.62043
1.58292
1.62671
1.68014
1.78421
1.75971
1.80239
1.69847
1.77504
1.70615
1.66087
1.51172
1.68981
1.72836
1.60763
1.55512
1.57527
1.61212
1.52928
1.68186
1.5606
1.58749
1.6185
1.52736
1.64571
1.70088
1.59901
1.58858
1.6771
1.81264
1.78521
1.628
1.55947
1.64711
1.6993
1.70718
1.60002
1.6402
1.63662
1.66649
1.68881
1.53882
1.71797
1.69772
1.70016
1.6129
1.53204
1.75959
1.42636
1.53465
1.80791
1.5286
1.59954
1.60755
1.70457
1.55597
1.59371
1.68737
1.58888
1.69042
1.64287
1.59051
1.65835
1.69595
1.64163
1.71088
1.57992
1.67395
1.6551
1.65299
1.53465
1.67195
1.67437
1.72109
1.70129
1.66608
1.70112
1.52914
1.72109
1.70335
1.69357
1.73021
1.58294
1.6503
1.53531
1.53912
1.71426
1.57323
1.61321
1.62863
1.58579
1.58341
1.66975
1.75202
1.65221
1.73174
1.70224
1.68309
1.70701
1.60261
1.60013
1.49952
1.68539
1.54953
1.6439
1.60753
1.44814
1.58232
1.6293
1.65434
1.48518
1.55027
1.59905
1.60682
1.63231
1.59562
1.4707
1.62437
1.67519
1.70982
1.64658
1.74595
1.65508
1.49062
1.59253
1.54969
1.69819
1.57676
1.67528
1.75244
1.65665
1.55445
1.67132
1.68156
1.84441
1.66876
1.6335
1.54927
1.59224
1.65707
1.70446
1.68784
1.72007
1.66186
1.73745
1.65255
1.70213
1.65329
1.60818
1.60312
1.61577
1.58098
1.59323
1.66805
1.5977
1.74549
1.51198
1.70604
1.6045
1.61466
1.74149
1.50823
1.78823
1.66327
1.55816
1.56418
1.66145
1.69711
1.76595
1.71044
1.56193
1.68977
1.70245
1.71348
1.77485
1.63882
1.6435
1.62926
1.77706
1.70331
1.68703
1.58387
1.49508
1.46983
1.57904
1.66426
1.56905
1.59062
1.68335
1.59514
1.63724
1.61036
1.72729
1.74497
1.62066
1.63897
1.70922
1.56805
1.6116
1.57903
1.62217
1.61722
1.52745
1.61686
1.61339
1.67608
1.5998
1.77651
1.63437
1.59045
1.70429
1.66223
1.65761
1.75558
1.65099
1.62459
1.60225
1.60541
1.65512
1.68912
1.56305
1.76458
1.62328
1.63758
1.51955
1.63042
1.52282
1.67883
1.54607
1.63642
1.81816
1.70484
1.73419
1.43045
1.60075
1.52914
1.61718
1.63855
1.61567
1.65371
1.72734
1.69105
1.72103
1.50279
1.74755
1.61048
1.69027
1.7599
1.61342
1.58114
1.57981
1.59801
1.77601
1.72288
1.49405
1.61785
1.60556
1.47976
1.70073
1.7059
1.66434
1.68724
1.60684
1.70999
1.61178
1.54534
1.61404
1.6188
1.51474
1.66225
1.6446
1.69404
1.60291
1.51137
1.62426
1.66418
1.65228
1.65708
1.7726
1.70046
1.65067
1.71702
1.75838
1.57894
1.63927
1.775
1.64858
1.50042
1.59204
1.61378
1.53242
1.72856
1.64589
1.72389
1.61781
1.68786
1.65622
1.68748
1.52659
1.61471
1.65331
1.69059
1.62253
1.61415
1.60746
1.62584
1.49819
1.59929
1.67431
1.66672
1.70589
1.78899
1.51531
1.7144
1.67743
1.64798
1.51391
1.53898
1.63829
1.58735
1.68283
1.66798
1.57198
1.62873
1.74967
1.70907
1.76446
1.61584
1.60513
1.71029
1.59612
1.75244
1.5549
1.78194
1.72703
1.70088
1.70387
1.53338
1.68498
1.69609
1.61177
1.64123
1.62873
1.69071
1.62525
1.5489
1.49556
1.55037
1.46153
1.62143
1.64726
1.59703
1.61231
1.60423
1.7121
1.42565
1.6827
1.60397
1.67908
1.64762
1.64966
1.59749
1.60113
1.65974
1.59684
1.58805
1.64281
1.65066
1.78159
1.55921
1.59887
1.56265
1.66353
1.7005
1.71781
1.68851
1.6919
1.55674
1.54461
1.74891
1.76084
1.61281
1.68972
1.65404
1.66388
1.72405
1.63477
1.61365
1.52433
1.75667
1.7346
1.60584
1.66361
1.67723
1.58315
1.66705
1.60941
1.76184
1.6969
1.67082
1.69071
1.59281
1.70546
1.65025
1.52555
1.51238
1.67895
1.63409
1.68778
1.68658
1.60126
1.66085
1.70817
1.80695
1.62221
1.71378
1.59037
1.65399
1.59214
1.49995
1.56922
1.63523
1.71768
1.50372
1.57097
1.67657
1.63219
1.66627
1.65801
1.56327
1.66209
1.67094
1.68497
1.6504
1.69471
1.7274
1.53433
1.46303
1.62694
1.70488
1.56974
1.52447
1.6026
1.54385
1.64254
1.56725
1.62873
1.72611
1.70752
1.72705
1.53481
1.55991
1.66536
1.714
1.63735
1.68345
1.60044
1.62731
1.63602
1.59761
1.56186
1.59943
1.60746
1.77402
1.67528
1.57077
1.60659
1.67448
1.62381
1.55329
1.55889
1.49398
1.61706
1.59924
1.68014
1.54359
1.55737
1.61723
1.6208
1.6405
1.68522
1.676
1.70174
1.62656
1.75381
1.67138
1.63311
1.54291
1.67325
1.70556
1.64201
1.65861
1.56291
1.60764
1.75285
1.57358
1.65629
1.69974
1.59041
1.70983
1.62467
1.71618
1.75486
1.72147
1.61335
1.58197
1.60904
1.73286
1.71949
1.65874
1.74287
1.66887
1.60115
1.59844
1.58871
1.68205
1.83275
1.55546
1.64089
1.54416
1.63384
1.74307
1.57325
1.69711
1.62194
1.65668
1.64456
1.69777
1.76132
1.71161
1.69334
1.69869
1.56785
1.67887
1.66573
1.56303
1.69876
1.70412
1.74841
1.69599
1.58868
1.54589
1.58788
1.64573
1.54948
1.59953
1.54765
1.77716
1.63454
1.52572
1.70234
1.60947
1.80332
1.70582
1.69318
1.58806
1.67233
1.67188
1.79102
1.62675
1.6446
1.606
1.54485
1.57636
1.65616
1.68442
1.61177
1.56161
1.51055
1.45986
1.51064
1.64168
1.64595
1.7457
1.65551
1.66068
1.74272
1.71463
1.67941
1.5599
1.66382
1.71406
1.58989
1.69206
1.60812
1.77478
1.59763
1.5718
1.69328
1.67676
1.55826
1.62002
1.63497
1.68908
1.65625
1.75754
1.77429
1.54516
1.71582
1.62459
1.71863
1.54104
1.63517
1.69253
1.57967
1.57404
1.66724
1.75293
1.58848
1.70095
1.75505
1.63513
1.54997
1.57973
1.57298
1.64795
1.49034
1.67391
1.65801
1.63049
1.63547
1.63207
1.6441
1.55114
1.54667
1.70948
1.74594
1.53781
1.81331
1.57047
1.53705
1.5385
1.70087
1.69207
1.59168
1.64674
1.75829
1.7605
1.6259
1.60614
1.53558
1.76732
1.65893
1.77531
1.5323
1.71722
1.66463
1.71428
1.68065
1.58419
1.75965
1.62623
1.70352
1.64572
1.63924
1.67786
1.58721
1.74225
1.70453
1.59529
1.71145
1.57913
1.55531
1.61825
1.72362
1.5383
1.68236
1.68939
1.55092
1.61586
1.53415
1.52465
1.66576
1.75806
1.69674
1.61229
1.69284
1.69022
1.68219
1.57309
1.58735
1.51408
1.59664
1.68417
1.60935
1.68594
1.66497
1.7079
1.71697
1.60827
1.68919
1.60937
1.61622
1.57808
1.6751
1.69615
1.46976
1.53688
1.66892
1.68826
1.74283
1.65248
1.66713
1.7502
1.5851
1.58561
1.62662
1.59173
1.68027
1.60871
1.64477
1.67622
1.58105
1.64924
1.77874
1.63804
1.52988
1.67928
1.62364
1.57711
1.75414
1.67887
1.63104
1.79044
1.66139
1.55736
1.65994
1.70168
1.65688
1.58593
1.72357
1.68161
1.5802
1.68346
1.70101
1.65648
1.56334
1.52396
1.68552
1.57829
1.67356
1.76132
1.5879
1.78146
1.45034
1.68622
1.72843
1.76387
1.61533
1.60307
1.7549
1.62991
1.65292
1.69915
1.66284
1.6438
1.57873
1.73473
1.57237
1.68329
1.76501
1.86111
1.70173
1.70755
1.68764
1.4788
1.61984
1.65009
1.69064
1.54307
1.44339
1.55474
1.55469
1.71267
1.66962
1.71685
1.75079
1.70792
1.55676
1.65554
1.70315
1.66961
1.69696
1.67153
1.64581
1.51918
1.45108
1.61329
1.71618
1.56994
1.72351
1.64874
1.49457
1.71377
1.61744
1.643
1.57775
1.7334
1.52983
1.70706
1.7566
1.74079
1.71707
1.69083
1.74212
1.73212
1.684
1.67793
1.67185
1.64015
1.5405
1.70723
1.74189
1.73699
1.68044
1.63006
1.60021
1.77034
1.73491
1.70424
1.71027
1.72347
1.69316
1.64198
1.7602
1.79269
1.6465
1.64661
1.60728
1.55605
1.47875
1.57253
1.64621
1.5743
1.63711
1.82321
1.67971
1.64246
1.65042
1.62445
1.68487
1.64819
1.62691
1.54647
1.51023
1.52447
1.64072
1.52312
1.48295
1.546
1.66621
1.63776
1.60992
1.66702
1.46262
1.60022
1.70643
1.65261
1.6506
1.6403
1.56313
1.69694
1.51673
1.58323
1.52307
1.73541
1.79787
1.61428
1.54473
1.6052
1.5144
1.73127
1.67082
1.60278
1.67126
1.64018
1.76097
1.75946
1.81544
1.79957
1.6954
1.72907
1.64012
1.55093
1.54041
1.5296
1.63464
1.74107
1.66733
1.542
1.63995
1.63359
1.74622
1.81963
1.6238
1.65475
1.6185
1.58867
1.73317
1.70812
1.63095
1.72508
1.62107
1.63255
1.67471
1.59843
1.71006
1.60729
1.5601
1.55211
1.70658
1.63441
1.63746
1.65794
1.65316
1.69986
1.67283
1.72109
1.76345
1.5372
1.59374
1.68238
1.51059
1.66638
1.65954
1.63414
1.58724
1.62173
1.6249
1.6666
1.64788
1.76902
1.74174
1.58782
1.59449
1.54537
1.64651
1.70997
1.58897
1.49545
1.64335
1.60192
1.55528
1.6542
1.73129
1.54674
1.63856
1.70724
1.63254
1.59997
1.58965
1.64869
1.56718
1.67507
1.69736
1.52874
1.64442
1.55267
1.73769
1.69393
1.64346
1.68741
1.56865
1.51353
1.63613
1.56137
1.53941
1.55736
1.72452
1.70279
1.62496
1.49996
1.53304
1.65473
1.69285
1.67918
1.82877
1.57149
1.73594
1.68154
1.57941
1.63113
1.61106
1.67956
1.59638
1.63702
1.64372
1.66458
1.65261
1.60785
1.62785
1.74412
1.7149
1.68828
1.77731
1.61984
1.70145
1.57833
1.61659
1.67037
1.67133
1.74531
1.57032
1.64975
1.7649
1.58721
1.65795
1.61243
1.56326
1.70453
1.56613
1.55529
1.69113
1.66032
1.67148
1.80277
1.57499
1.677
1.75345
1.65552
1.6032
1.65761
1.69957
1.57863
1.65203
1.60519
1.58218
1.54603
1.56469
1.61081
1.67362
1.61704
1.53381
1.57874
1.64657
1.75769
1.61921
1.56792
1.57389
1.61597
1.49077
1.6353
1.68372
1.53947
1.76328
1.61828
1.61431
1.61436
1.68592
1.65237
1.58265
1.59777
1.68201
1.70691
1.62193
1.73383
1.64803
1.60234
1.71589
1.70646
1.63034
1.67506
1.64294
1.79589
1.58203
1.67232
1.53254
1.57707
1.68581
1.54597
1.59835
1.54213
1.80205
1.56009
1.67233
1.40208
1.48562
1.58923
1.50862
1.60414
1.61638
1.55506
1.58991
1.73497
1.75721
1.62591
1.67648
1.63323
1.66522
1.60222
1.56112
1.57406
1.42356
1.66165
1.70861
1.60196
1.59152
1.63037
1.57937
1.58429
1.68973
1.59124
1.51942
1.65516
1.7095
1.7138
1.81728
1.43769
1.557
1.59217
1.59826
1.48836
1.56245
1.67968
1.67003
1.54456
1.65458
1.69924
1.50803
1.74566
1.64025
1.61776
1.61956
1.62232
1.58825
1.61393
1.7771
1.66549
1.67007
1.6416
1.71113
1.83754
1.62434
1.65349
1.59668
1.65906
1.65469
1.64959
1.58619
1.66306
1.51463
1.60217
1.75449
1.55422
1.75115
1.64757
1.64555
1.63603
1.75987
1.68783
1.54035
1.55272
1.67837
1.67466
1.70785
1.66484
1.56997
1.54129
1.70066
1.70033
1.69852
1.69709
1.76099
1.61371
1.71936
1.70276
1.63508
1.58835
1.58992
1.74482
1.63565
1.54191
1.63312
1.7234
1.67187
1.72737
1.61246
1.64276
1.62644
1.73455
1.63679
1.70222
1.5618
1.61352
1.6897
1.65897
1.66981
1.68681
1.5187
1.61024
1.57162
1.69894
1.43811
1.64215
1.65198
1.67614
1.77087
1.68211
1.52493
1.44099
1.51832
1.60781
1.76701
1.7116
1.5812
1.68858
1.62119
1.69027
1.61599
1.56034
1.65169
1.57165
1.54477
1.62909
1.6827
1.67419
1.688
1.55566
1.68378
1.59142
1.79793
1.64416
1.65569
1.71808
1.84215
1.61208
1.6077
1.49718
1.6258
1.72415
1.63568
1.72437
1.64338
1.6736
1.70259
1.62792
1.72135
1.58032
1.71367
1.63113
1.67497
1.64277
1.7049
1.56094
1.52922
1.63199
1.69083
1.73292
1.56122
1.62934
1.6954
1.56128
1.70143
1.6226
1.67103
1.61429
1.75046
1.57651
1.50813
1.67615
1.62827
1.61585
1.60985
1.53279
1.69043
1.59693
1.71346
1.67784
1.57598
1.59996
1.63561
1.51027
1.63542
1.6372
1.66833
1.60491
1.61396
1.63066
1.53159
1.55492
1.66163
1.74285
1.68591
1.57622
1.56784
1.72333
1.78713
1.60125
1.50955
1.63087
1.49227
1.71526
1.87822
1.76892
1.67688
1.72804
1.60406
1.79895
1.63591
1.68503
1.71904
1.65314
1.51932
1.71354
1.58445
1.61984
1.58395
1.61689
1.77133
1.72525
1.68588
1.72406
1.7182
1.47124
1.71672
1.73459
1.53383
1.6311
1.5826
1.69228
1.63395
1.75993
1.58729
1.63429
1.65661
1.69569
1.66751
1.66462
1.58022
1.58918
1.75337
1.4964
1.54122
1.63424
1.6856
1.5763
1.81966
1.72736
1.63158
1.59204
1.73268
1.71244
1.67196
1.69167
1.78173
1.68587
1.74144
1.54207
1.617
1.61708
1.67
1.72293
1.56855
1.58352
1.63066
1.72292
1.64101
1.63919
1.72511
1.74156
1.63097
1.68554
1.71809
1.76306
1.63546
1.5778
1.57813
1.56721
1.67178
1.70928
1.55851
1.53726
1.65483
1.58208
1.67047
1.70224
1.56918
1.57766
1.63696
1.71582
1.54265
1.68176
1.68431
1.58597
1.57552
1.47798
1.5722
1.57731
1.79702
1.59118
1.62242
1.83335
1.68017
1.64305
1.65119
1.40234
1.52515
1.60753
1.63645
1.57552
1.64815
1.60823
1.70962
1.77292
1.5798
1.67808
1.68169
1.55397
1.63595
1.64348
1.72076
1.63435
1.84663
1.74086
1.63233
1.6339
1.6353
1.74505
1.79639
1.64571
1.60692
1.60634
1.53863
1.54491
1.62322
1.53983
1.686
1.59981
1.64434
1.64989
1.54162
1.71831
1.64743
1.60691
1.50352
1.66632
1.67177
1.65981
1.77206
1.74262
1.57577
1.6054
1.62473
1.61598
1.72792
1.63141
1.57529
1.49747
1.63036
1.61662
1.696
1.59406
1.64887
1.72152
1.66829
1.82682
1.62877
1.67547
1.63281
1.75886
1.72552
1.59414
1.64099
1.74052
1.83241
1.71995
1.592
1.70514
1.68658
1.51734
1.53837
1.52823
1.46324
1.67717
1.63209
1.68149
1.70911
1.69928
1.59138
1.64314
1.67928
1.64629
1.74282
1.52278
1.60999
1.61999
1.84853
1.72334
1.66796
1.70234
1.79934
1.61653
1.49083
1.53805
1.62683
1.67154
1.72158
1.65518
1.55818
1.73373
1.70664
1.63916
1.71039
1.5593
1.46048
1.54211
1.63474
1.4879
1.65001
1.52444
1.5564
1.56338
1.66403
1.73491
1.69484
1.51755
1.38415
1.51996
1.72934
1.71038
1.58817
1.45323
1.46215
1.45875
1.66855
1.51884
1.65833
1.68498
1.67462
1.72513
1.6398
1.63162
1.56349
1.70981
1.68197
1.5817
1.75911
1.74394
1.67222
1.73916
1.64
1.63796
1.5987
1.66621
1.66378
1.5025
1.67041
1.78241
1.73193
1.685
1.71028
1.6521
1.68496
1.61909
1.66527
1.68097
1.65081
1.59
1.59417
1.75608
1.5895
1.67737
1.74193
1.71959
1.63085
1.71977
1.69153
1.69042
1.62358
1.70867
1.70738
1.83271
1.74027
1.64524
1.70884
1.63403
1.56213
1.74511
1.64041
1.58217
1.43968
1.7097
1.70536
1.61174
1.56979
1.55727
1.59664
1.50524
1.68418
1.7166
1.6381
1.6268
1.5755
1.641
1.79189
1.67911
1.66048
1.54347
1.56052
1.57197
1.81199
1.61487
1.67869
1.6861
1.70178
1.59951
1.58414
1.50601
1.71081
1.76091
1.74924
1.76922
1.57262
1.62259
1.65561
1.58192
1.67096
1.7549
1.6748
1.71451
1.54342
1.7079
1.79891
1.60878
1.83296
1.54346
1.7403
1.67162
1.7001
1.67854
1.68402
1.61123
1.60782
1.68772
1.63241
1.57148
1.45804
1.62158
1.6937
1.61897
1.60014
1.60829
1.74965
1.70459
1.82062
1.68621
1.68398
1.63186
1.48749
1.6955
1.71125
1.70275
1.71936
1.72007
1.66317
1.82103
1.6552
1.63754
1.64983
1.60963
1.66825
1.62269
1.47669
1.60779
1.61108
1.68762
1.70314
1.60642
1.55892
1.52197
1.59372
1.626
1.78748
1.75254
1.60698
1.59768
1.69984
1.65635
1.43367
1.63557
1.66057
1.5369
1.61932
1.50524
1.4825
1.61645
1.59598
1.68234
1.55758
1.66382
1.57613
1.56136
1.6718
1.63657
1.64709
1.69326
1.61617
1.68256
1.70277
1.63985
1.73129
1.77865
1.55883
1.5574
1.64781
1.62895
1.70514
1.60528
1.57752
1.62039
1.5519
1.59593
1.7474
1.55073
1.51576
1.68465
1.59679
1.65312
1.7038
1.65543
1.57048
1.59164
1.86799
1.76468
1.76602
1.66796
1.65677
1.69229
1.74065
1.59879
1.70624
1.54862
1.4679
1.75625
1.57045
1.55126
1.68402
1.69329
1.59793
1.77867
1.63785
1.60007
1.7022
1.67928
1.56613
1.58202
1.59325
1.63399
1.57216
1.67513
1.69934
1.74772
1.63875
1.65686
1.62377
1.46565
1.53954
1.52934
1.64665
1.67715
1.56252
1.58196
1.68057
1.65961
1.58685
1.59593
1.69647
1.43921
1.56758
1.6451
1.8415
1.71417
1.74197
1.73565
1.78502
1.62733
1.47952
1.51678
1.52801
1.6655
1.62917
1.61953
1.6645
1.70318
1.76021
1.61099
1.52602
1.67246
1.59942
1.70291
1.68071
1.77214
1.59868
1.58734
1.71636
1.57739
1.68006
1.51439
1.538
1.57799
1.556
1.66225
1.56068
1.71985
1.61504
1.69951
1.52687
1.66442
1.6906
1.71959
1.59005
1.60748
1.74879
1.75392
1.61991
1.63643
1.66723
1.66211
1.63473
1.68942
1.76918
1.61777
1.54604
1.65187
1.6786
1.67956
1.78698
1.60435
1.57409
1.71
1.53396
1.4538
1.49912
1.64518
1.66713
1.61091
1.69526
1.58288
1.60443
1.64782
1.48547
1.66073
1.57362
1.72155
1.74706
1.47261
1.6426
1.69635
1.73038
1.51447
1.63807
1.6575
1.80669
1.52001
1.64673
1.63744
1.68027
1.61108
1.73379
1.72522
1.48023
1.6372
1.66293
1.75248
1.72036
1.63935
1.68726
1.65015
1.63022
1.64871
1.66117
1.67956
1.66716
1.59753
1.6556
1.69684
1.50825
1.62455
1.60083
1.67153
1.64743
1.68653
1.61047
1.68625
1.59024
1.6432
1.62182
1.66446
1.68669
1.55529
1.41331
1.56037
1.57271
1.59713
1.64784
1.57842
1.49419
1.54292
1.6536
1.75979
1.57614
1.59361
1.61307
1.76983
1.60519
1.5496
1.58409
1.65596
1.71693
1.68138
1.64634
1.68173
1.59026
1.68787
1.76177
1.5177
1.72308
1.69788
1.68883
1.57637
1.62922
1.63057
1.66138
1.67485
1.68323
1.53756
1.61868
1.70771
1.63272
1.65425
1.72652
1.73986
1.50633
1.5976
1.39605
1.55582
1.54995
1.66542
1.64998
1.66862
1.53967
1.5678
1.47426
1.57943
1.71322
1.67522
1.63075
1.69193
1.57556
1.72117
1.60131
1.71971
1.60497
1.69567
1.51535
1.55813
1.7702
1.681
1.56865
1.73089
1.64496
1.58971
1.63389
1.70235
1.65265
1.73027
1.5833
1.62001
1.5745
1.51855
1.63762
1.50604
1.57683
1.61705
1.54743
1.65742
1.70287
1.67935
1.62956
1.59719
1.7138
1.58058
1.62038
1.58653
1.59535
1.60851
1.47215
1.69812
1.64645
