1.04733
1.01245
0.972884
1.03005
1.09076
1.12488
1.03081
1.06911
1.0959
1.13003
1.10007
1.18146
1.09876
1.04245
1.06101
1.12949
1.0815
1.07213
1.0894
1.03615
1.12696
1.01119
1.01017
1.04473
1.14539
1.18046
1.08014
1.11822
1.09329
1.16324
1.14835
1.03748
1.14434
1.09275
1.16166
1.16743
1.02891
1.05426
1.07149
1.20577
1.13113
1.0725
1.20842
1.11177
1.12168
1.15284
1.10945
1.08597
1.06957
1.19428
1.0982
1.08602
1.02574
1.07874
1.14114
1.04816
1.12521
1.09993
1.0978
1.14924
1.08575
1.09227
1.11349
1.12634
1.07687
1.06452
1.06244
1.09348
0.999974
1.10102
1.02963
1.10042
1.04626
1.06678
1.00042
1.04433
1.12294
1.13156
1.05214
1.06018
1.04513
0.962732
1.12334
1.05166
1.0367
1.08176
0.990721
1.14603
1.16084
1.09596
1.07833
1.10979
1.14479
1.05432
1.13222
1.18243
1.00477
1.04622
1.07736
1.07766
1.08005
1.10976
1.21637
1.18815
1.10401
0.939812
1.01972
1.14224
1.08001
1.11815
1.0959
1.08709
1.01732
1.15125
1.06701
1.09441
1.14256
1.15041
1.17194
1.12474
1.18583
1.01101
1.14283
1.0849
1.09406
1.10789
1.09391
1.01361
1.02795
1.08272
1.11699
1.06679
1.15735
1.11336
1.11554
1.14607
1.15371
1.08353
1.16002
1.0943
1.0121
1.09557
1.04182
1.05398
1.10521
1.05931
1.14635
1.07919
1.08345
1.08088
1.15501
1.12806
1.08618
1.03282
1.05316
1.09735
1.10197
1.0986
1.0926
1.12293
1.13708
1.06875
1.17264
1.07019
1.15779
1.17076
0.994506
1.10861
1.00362
1.10103
1.05426
1.06595
1.08849
1.03777
0.98856
1.09031
1.07494
1.04426
1.07479
1.13092
1.13722
1.02573
1.12114
1.10141
1.0916
1.07797
1.16154
1.0488
1.12887
1.21117
1.15212
1.11558
1.02734
1.10512
1.12406
1.08346
1.10493
1.04654
1.07808
1.11314
1.08108
1.16539
1.0822
1.10153
1.03979
1.23145
1.16465
1.07613
1.13785
1.28048
1.03493
1.12908
1.0398
1.13448
1.07603
1.13031
1.09575
1.07989
1.10201
1.09908
1.11021
1.11792
1.13493
1.08106
1.08087
1.0711
1.21848
1.04629
1.0058
1.01185
1.07696
1.04524
0.983316
1.13442
1.15262
1.09521
1.06187
1.02667
1.05564
1.06003
1.03778
1.15957
1.09309
1.06487
1.13256
1.14903
1.1415
1.19423
1.11819
1.07999
1.05115
0.982801
1.11621
1.08732
0.987105
1.13682
1.1875
0.988562
1.08805
1.08307
1.11697
1.01901
1.11086
1.17076
1.16863
1.11601
1.17201
1.17837
1.10192
1.05955
1.04219
1.14106
1.08994
1.08529
1.07515
1.13348
1.10411
1.1414
1.06356
1.03968
1.16149
1.14468
1.087
1.07683
1.05668
1.10539
1.10075
1.12295
1.12182
1.08275
1.08438
1.16866
1.17008
1.1042
1.02218
1.09211
1.14457
1.05805
1.12359
1.10298
1.06197
1.04136
1.10073
1.10312
1.10118
1.08361
1.10953
1.05418
1.10274
1.12716
1.11959
1.07623
1.14969
1.15996
1.09373
1.07981
1.10566
1.17957
1.16785
1.09611
1.01009
1.11261
1.12729
1.0178
1.01194
1.11496
1.00322
1.12585
1.17515
1.05659
0.972699
1.13819
0.926769
1.10377
1.12636
1.01366
1.13296
1.11792
1.04956
1.0822
1.01955
1.11839
1.1151
1.11351
1.01943
1.04908
1.10575
0.998823
1.00172
0.984714
1.0455
1.10904
1.0656
1.03224
1.10696
1.05113
1.10821
1.10112
1.10138
1.07007
1.11785
1.15106
1.09851
1.10355
1.17703
1.09127
1.06775
1.05723
1.14698
1.11995
1.13021
1.14776
1.12757
1.18145
1.1038
1.13217
1.21264
1.12875
1.09301
1.17353
1.10345
1.13799
1.07477
1.02591
1.08222
1.06261
1.18162
1.1
1.15492
1.0737
1.08599
1.11358
1.00451
1.15575
1.04027
1.16037
1.08256
1.13728
1.11221
1.05294
0.960374
1.08404
1.11777
1.09681
1.08293
1.09578
1.04471
1.10451
1.06263
1.07703
1.04108
1.04742
1.04308
1.12867
1.07724
1.08307
1.1186
1.16385
1.02905
1.09734
1.1508
1.17044
1.03113
1.11171
1.01164
1.0254
1.08532
1.01086
1.09193
1.14567
1.12084
1.10446
1.05125
1.15297
1.10516
1.13825
1.05426
1.1389
1.15456
1.06474
1.04122
1.1058
1.08337
1.05045
1.0947
1.07292
1.098
1.05748
1.14874
1.19721
1.04206
1.07904
1.09985
1.13474
1.07984
1.06931
1.12074
1.08115
1.00592
1.06021
1.0783
1.08865
1.15052
1.06346
1.04454
1.09117
1.04192
1.09556
1.11764
1.11933
1.0046
1.08699
1.16178
1.12511
1.12584
1.03966
1.0238
1.02022
1.07677
1.08119
1.13283
1.12442
1.17678
1.16351
1.10388
1.16554
1.03439
1.0561
1.14975
1.08355
1.11553
1.0246
1.07074
1.08552
1.12359
1.17437
1.07152
1.112
1.05905
1.11837
1.05729
1.03607
1.02167
1.08525
1.13275
1.07832
1.12397
1.11543
1.13974
1.13457
1.11745
1.08028
1.05528
1.08447
1.12009
1.18948
1.17314
1.20159
1.13231
1.18336
1.13743
1.10725
1.00781
1.12654
1.15224
1.07176
1.03675
1.05018
1.07475
1.01952
1.12124
1.0404
1.05832
1.079
1.01824
1.09714
1.13392
1.06601
1.05905
1.11806
1.20843
1.19014
1.08534
1.03964
1.09807
1.13287
1.13812
1.06668
1.09347
1.09108
1.111
1.12587
1.02588
1.14532
1.13181
1.13344
1.07527
1.02136
1.17306
0.950906
1.0231
1.20528
1.01906
1.06636
1.0717
1.13638
1.03731
1.06247
1.12492
1.05925
1.12695
1.09525
1.06034
1.10557
1.13063
1.09442
1.14059
1.05328
1.11597
1.1034
1.10199
1.0231
1.11463
1.11624
1.14739
1.13419
1.11072
1.13408
1.01943
1.14739
1.13557
1.12905
1.15347
1.0553
1.1002
1.02354
1.02608
1.14284
1.04882
1.07548
1.08576
1.05719
1.05561
1.11317
1.16801
1.10147
1.1545
1.13483
1.12206
1.13801
1.06841
1.06675
0.99968
1.12359
1.03302
1.09593
1.07168
0.965425
1.05488
1.0862
1.1029
0.990119
1.03352
1.06603
1.07121
1.08821
1.06375
0.980464
1.08291
1.1168
1.13988
1.09772
1.16397
1.10338
0.993747
1.06169
1.03313
1.13213
1.05117
1.11685
1.1683
1.10443
1.0363
1.11422
1.12104
1.22961
1.11251
1.089
1.03285
1.06149
1.10471
1.13631
1.12523
1.14671
1.10791
1.1583
1.1017
1.13476
1.10219
1.07212
1.06874
1.07718
1.05399
1.06216
1.11203
1.06513
1.16366
1.00798
1.13736
1.06967
1.07644
1.16099
1.00549
1.19215
1.10885
1.03877
1.04279
1.10764
1.13141
1.1773
1.1403
1.04128
1.12651
1.13497
1.14232
1.18323
1.09254
1.09567
1.08617
1.18471
1.13554
1.12469
1.05591
0.996723
0.979888
1.05269
1.1095
1.04603
1.06041
1.12223
1.06342
1.09149
1.07358
1.15153
1.16331
1.08044
1.09265
1.13948
1.04537
1.0744
1.05269
1.08144
1.07815
1.0183
1.07791
1.0756
1.11739
1.06654
1.18434
1.08958
1.0603
1.13619
1.10816
1.10507
1.17038
1.10066
1.08306
1.06817
1.07028
1.10341
1.12608
1.04203
1.17638
1.08219
1.09172
1.01303
1.08695
1.01521
1.11922
1.03071
1.09094
1.21211
1.13656
1.15612
0.953633
1.06717
1.01943
1.07812
1.09237
1.07712
1.10247
1.15156
1.12737
1.14735
1.00186
1.16504
1.07365
1.12685
1.17326
1.07561
1.0541
1.05321
1.06534
1.184
1.14859
0.996034
1.07856
1.07037
0.986506
1.13382
1.13727
1.10956
1.12482
1.07123
1.13999
1.07452
1.03023
1.07603
1.0792
1.00982
1.10817
1.0964
1.12936
1.0686
1.00758
1.08284
1.10945
1.10152
1.10472
1.18174
1.13364
1.10045
1.14468
1.17226
1.05263
1.09284
1.18333
1.09905
1.00028
1.06136
1.07585
1.02161
1.15237
1.09726
1.14926
1.07854
1.12524
1.10415
1.12498
1.01773
1.07648
1.1022
1.12706
1.08169
1.0761
1.07164
1.08389
0.998796
1.06619
1.11621
1.11115
1.13726
1.19266
1.01021
1.14294
1.11829
1.09865
1.00927
1.02599
1.09219
1.05823
1.12189
1.11199
1.04799
1.08582
1.16645
1.13938
1.17631
1.07723
1.07009
1.14019
1.06408
1.16829
1.0366
1.18796
1.15135
1.13392
1.13591
1.02225
1.12332
1.13073
1.07451
1.09415
1.08582
1.12714
1.0835
1.0326
0.997041
1.03358
0.974353
1.08095
1.09818
1.06469
1.07487
1.06948
1.1414
0.95043
1.1218
1.06931
1.11939
1.09841
1.09977
1.06499
1.06742
1.1065
1.06456
1.0587
1.09521
1.10044
1.18773
1.03947
1.06592
1.04177
1.10902
1.13367
1.14521
1.12567
1.12794
1.03782
1.02974
1.16594
1.17389
1.07521
1.12648
1.10269
1.10926
1.14937
1.08985
1.07577
1.01622
1.17111
1.1564
1.07056
1.10908
1.11815
1.05543
1.11137
1.07294
1.17456
1.13126
1.11388
1.12714
1.06187
1.13697
1.10017
1.01704
1.00825
1.1193
1.0894
1.12519
1.12438
1.0675
1.10723
1.13878
1.20463
1.08147
1.14252
1.06025
1.10266
1.06143
0.999969
1.04615
1.09015
1.14512
1.00248
1.04731
1.11771
1.08812
1.11084
1.10534
1.04218
1.10806
1.11396
1.12332
1.10027
1.12981
1.1516
1.02288
0.975355
1.08463
1.13659
1.04649
1.01632
1.0684
1.02923
1.09503
1.04483
1.08582
1.15074
1.13834
1.15137
1.02321
1.03994
1.11024
1.14267
1.09156
1.1223
1.06696
1.08487
1.09068
1.06507
1.04124
1.06629
1.07164
1.18268
1.11685
1.04718
1.07106
1.11632
1.08254
1.03553
1.03926
0.995986
1.07804
1.06616
1.12009
1.02906
1.03825
1.07815
1.08053
1.09367
1.12348
1.11733
1.13449
1.08437
1.16921
1.11425
1.08874
1.0286
1.1155
1.13704
1.09467
1.10574
1.04194
1.07176
1.16857
1.04906
1.1042
1.13316
1.06027
1.13989
1.08311
1.14412
1.16991
1.14765
1.07557
1.05464
1.07269
1.15524
1.14633
1.10583
1.16191
1.11258
1.06743
1.06563
1.05914
1.12136
1.22184
1.03697
1.09393
1.02944
1.08923
1.16204
1.04883
1.13141
1.08129
1.10445
1.09637
1.13185
1.17421
1.14108
1.12889
1.13246
1.04523
1.11924
1.11049
1.04202
1.1325
1.13608
1.16561
1.13066
1.05912
1.0306
1.05859
1.09716
1.03299
1.06635
1.03177
1.18477
1.0897
1.01714
1.13489
1.07298
1.20221
1.13721
1.12879
1.05871
1.11489
1.11459
1.19401
1.0845
1.0964
1.07067
1.0299
1.05091
1.10411
1.12295
1.07452
1.04108
1.00703
0.973239
1.00709
1.09445
1.0973
1.1638
1.10367
1.10712
1.16181
1.14309
1.1196
1.03994
1.10921
1.14271
1.05993
1.12804
1.07208
1.18318
1.06508
1.04787
1.12886
1.11784
1.03884
1.08002
1.08998
1.12606
1.10417
1.17169
1.18286
1.03011
1.14388
1.08306
1.14575
1.02736
1.09011
1.12836
1.05311
1.04936
1.11149
1.16862
1.05899
1.13397
1.17003
1.09008
1.03332
1.05315
1.04865
1.09863
0.993558
1.11594
1.10534
1.08699
1.09031
1.08804
1.09607
1.03409
1.03112
1.13965
1.16396
1.02521
1.20888
1.04698
1.0247
1.02566
1.13391
1.12804
1.06112
1.09783
1.17219
1.17367
1.08393
1.07076
1.02372
1.17821
1.10596
1.18354
1.02153
1.14481
1.10975
1.14286
1.12044
1.05613
1.1731
1.08415
1.13568
1.09715
1.09283
1.11858
1.05814
1.1615
1.13636
1.06353
1.14096
1.05276
1.03688
1.07884
1.14908
1.02553
1.12157
1.12626
1.03395
1.07724
1.02277
1.01643
1.1105
1.17204
1.13116
1.07486
1.12856
1.12681
1.12146
1.04873
1.05823
1.00939
1.06442
1.12278
1.0729
1.12396
1.10998
1.1386
1.14465
1.07218
1.12613
1.07291
1.07748
1.05205
1.11673
1.13076
0.97984
1.02458
1.11261
1.12551
1.16188
1.10165
1.11142
1.1668
1.05673
1.05708
1.08441
1.06115
1.12018
1.07247
1.09651
1.11748
1.05403
1.09949
1.18583
1.09203
1.01992
1.11952
1.08243
1.05141
1.16943
1.11925
1.08736
1.19363
1.10759
1.03824
1.10663
1.13446
1.10459
1.05729
1.14905
1.12107
1.05347
1.12231
1.134
1.10432
1.04223
1.01597
1.12368
1.0522
1.11571
1.17421
1.0586
1.18764
0.966892
1.12415
1.15229
1.17591
1.07689
1.06871
1.16993
1.08661
1.10195
1.13277
1.10856
1.09587
1.05248
1.15648
1.04824
1.12219
1.17668
1.24074
1.13449
1.13837
1.1251
0.985864
1.07989
1.10006
1.1271
1.02872
0.962258
1.03649
1.03646
1.14178
1.11308
1.14457
1.16719
1.13862
1.03784
1.10369
1.13543
1.11307
1.13131
1.11435
1.09721
1.01279
0.967387
1.07553
1.14412
1.04663
1.149
1.09916
0.99638
1.14251
1.07829
1.09534
1.05183
1.1556
1.01989
1.13804
1.17106
1.16053
1.14471
1.12722
1.16141
1.15474
1.12267
1.11862
1.11457
1.09343
1.027
1.13815
1.16126
1.15799
1.12029
1.0867
1.0668
1.18023
1.15661
1.13616
1.14018
1.14898
1.12877
1.09465
1.17347
1.19512
1.09767
1.09774
1.07152
1.03737
0.985836
1.04836
1.09747
1.04953
1.0914
1.21547
1.11981
1.09497
1.10028
1.08297
1.12324
1.0988
1.08461
1.03098
1.00682
1.01631
1.09381
1.01541
0.988635
1.03067
1.1108
1.09184
1.07328
1.11135
0.975079
1.06682
1.13762
1.10174
1.1004
1.09353
1.04208
1.13129
1.01116
1.05549
1.01538
1.15694
1.19858
1.07618
1.02982
1.07014
1.0096
1.15418
1.11388
1.06852
1.11417
1.09345
1.17398
1.17298
1.21029
1.19971
1.13027
1.15271
1.09341
1.03395
1.02694
1.01973
1.08976
1.16071
1.11155
1.028
1.0933
1.08906
1.16415
1.21309
1.08253
1.10317
1.079
1.05911
1.15544
1.13875
1.0873
1.15006
1.08071
1.08837
1.11647
1.06562
1.14004
1.07153
1.04007
1.03474
1.13772
1.08961
1.09164
1.10529
1.10211
1.13324
1.11522
1.14739
1.17563
1.0248
1.06249
1.12159
1.00706
1.11092
1.10636
1.08942
1.05816
1.08115
1.08326
1.11107
1.09859
1.17935
1.16116
1.05855
1.063
1.03025
1.09768
1.13998
1.05931
0.996969
1.09556
1.06795
1.03685
1.1028
1.15419
1.03116
1.09238
1.13816
1.08836
1.06665
1.05977
1.09912
1.04479
1.11671
1.13157
1.01916
1.09628
1.03511
1.15846
1.12929
1.09564
1.12494
1.04576
1.00902
1.09075
1.04092
1.02627
1.03824
1.14968
1.13519
1.08331
0.999977
1.02203
1.10316
1.12857
1.11945
1.21918
1.04766
1.1573
1.12103
1.05294
1.08742
1.07404
1.11971
1.06425
1.09135
1.09581
1.10972
1.10174
1.0719
1.08524
1.16275
1.14326
1.12552
1.18487
1.07989
1.1343
1.05222
1.07773
1.11358
1.11422
1.16354
1.04688
1.09984
1.1766
1.05814
1.1053
1.07496
1.04217
1.13635
1.04409
1.03686
1.12742
1.10688
1.11432
1.20185
1.04999
1.118
1.16897
1.10368
1.0688
1.10507
1.13304
1.05242
1.10136
1.07013
1.05479
1.03069
1.04313
1.07387
1.11574
1.07803
1.02254
1.05249
1.09771
1.17179
1.07947
1.04528
1.04926
1.07731
0.993848
1.0902
1.12248
1.02631
1.17552
1.07885
1.0762
1.07624
1.12395
1.10158
1.0551
1.06518
1.12134
1.13794
1.08129
1.15589
1.09868
1.06823
1.14392
1.13764
1.08689
1.11671
1.09529
1.19726
1.05468
1.11488
1.02169
1.05138
1.12387
1.03065
1.06557
1.02809
1.20136
1.04006
1.11489
0.934722
0.990412
1.05948
1.00575
1.06942
1.07758
1.0367
1.05994
1.15665
1.17147
1.08394
1.11765
1.08882
1.11014
1.06815
1.04075
1.04937
0.949039
1.10776
1.13907
1.06798
1.06101
1.08691
1.05291
1.05619
1.12649
1.06083
1.01295
1.10344
1.13967
1.14253
1.21152
0.958462
1.038
1.06145
1.06551
0.992243
1.04164
1.11979
1.11335
1.02971
1.10306
1.13282
1.00535
1.16377
1.0935
1.0785
1.07971
1.08154
1.05883
1.07595
1.18474
1.11032
1.11338
1.0944
1.14075
1.22502
1.08289
1.10232
1.06445
1.10604
1.10313
1.09972
1.05746
1.10871
1.00976
1.06811
1.16966
1.03614
1.16743
1.09838
1.09704
1.09069
1.17324
1.12522
1.0269
1.03515
1.11892
1.11644
1.13857
1.10989
1.04665
1.02752
1.13377
1.13355
1.13235
1.13139
1.17399
1.0758
1.14624
1.13517
1.09006
1.0589
1.05995
1.16321
1.09043
1.02794
1.08875
1.14893
1.11458
1.15158
1.07497
1.09517
1.08429
1.15637
1.09119
1.13482
1.0412
1.07568
1.12647
1.10598
1.11321
1.12454
1.01247
1.07349
1.04775
1.13262
0.95874
1.09476
1.10132
1.11743
1.18058
1.12141
1.01662
0.960658
1.01221
1.07187
1.17801
1.14106
1.05413
1.12572
1.0808
1.12685
1.07733
1.04023
1.10113
1.04777
1.02985
1.08606
1.1218
1.11612
1.12533
1.03711
1.12252
1.06095
1.19862
1.09611
1.10379
1.14538
1.2281
1.07472
1.0718
0.99812
1.08387
1.14943
1.09045
1.14958
1.09558
1.11573
1.13506
1.08528
1.14757
1.05355
1.14245
1.08742
1.11665
1.09518
1.1366
1.04063
1.01948
1.08799
1.12722
1.15528
1.04081
1.08623
1.13026
1.04085
1.13429
1.08174
1.11402
1.07619
1.16697
1.051
1.00542
1.11743
1.08551
1.07723
1.07323
1.02186
1.12695
1.06462
1.14231
1.11856
1.05065
1.06664
1.0904
1.00685
1.09028
1.09147
1.11222
1.06994
1.07598
1.08711
1.02106
1.03661
1.10775
1.1619
1.12394
1.05081
1.04523
1.14889
1.19142
1.0675
1.00637
1.08725
0.994844
1.14351
1.25215
1.17928
1.11792
1.15202
1.06937
1.1993
1.09061
1.12335
1.14602
1.1021
1.01288
1.14236
1.0563
1.07989
1.05597
1.07793
1.18088
1.15017
1.12392
1.14937
1.14547
0.980824
1.14448
1.1564
1.02255
1.0874
1.05506
1.12819
1.0893
1.17329
1.05819
1.08953
1.10441
1.13046
1.11167
1.10975
1.05348
1.05945
1.16891
0.997601
1.02748
1.08949
1.12374
1.05086
1.2131
1.15157
1.08772
1.06136
1.15512
1.14163
1.11464
1.12778
1.18782
1.12392
1.16096
1.02805
1.078
1.07805
1.11333
1.14862
1.0457
1.05568
1.08711
1.14862
1.09401
1.09279
1.15007
1.16104
1.08731
1.12369
1.1454
1.17537
1.09031
1.05187
1.05209
1.04481
1.11452
1.13952
1.039
1.02484
1.10322
1.05472
1.11364
1.13483
1.04612
1.05177
1.09131
1.14388
1.02844
1.12117
1.12287
1.05732
1.05035
0.985319
1.04814
1.05154
1.19801
1.06079
1.08162
1.22223
1.12011
1.09537
1.10079
0.934893
1.01677
1.07169
1.09097
1.05034
1.09876
1.07215
1.13975
1.18195
1.0532
1.11872
1.12113
1.03598
1.09064
1.09565
1.14717
1.08956
1.23109
1.16057
1.08822
1.08927
1.0902
1.16337
1.1976
1.09714
1.07128
1.07089
1.02575
1.02994
1.08215
1.02656
1.124
1.06654
1.09623
1.09993
1.02775
1.14554
1.09828
1.07127
1.00234
1.11088
1.11451
1.10654
1.18138
1.16174
1.05051
1.07027
1.08315
1.07732
1.15195
1.08761
1.0502
0.998316
1.08691
1.07775
1.13066
1.06271
1.09925
1.14768
1.1122
1.21788
1.08584
1.11698
1.08854
1.17257
1.15035
1.06276
1.09399
1.16035
1.22161
1.14664
1.06133
1.13676
1.12438
1.01156
1.02558
1.01882
0.975492
1.11811
1.08806
1.12099
1.13941
1.13286
1.06092
1.09543
1.11952
1.09753
1.16188
1.01519
1.07332
1.07999
1.23235
1.14889
1.11197
1.13489
1.19956
1.07769
0.993886
1.02536
1.08456
1.11436
1.14772
1.10345
1.03879
1.15582
1.13776
1.09277
1.14026
1.03953
0.973655
1.02808
1.08983
0.991936
1.10001
1.01629
1.0376
1.04225
1.10935
1.15661
1.12989
1.0117
0.922766
1.01331
1.15289
1.14025
1.05878
0.968821
0.974768
0.972503
1.11237
1.01256
1.10556
1.12332
1.11641
1.15009
1.0932
1.08775
1.04233
1.13988
1.12131
1.05446
1.17274
1.16263
1.11481
1.15944
1.09333
1.09197
1.0658
1.11081
1.10919
1.00167
1.11361
1.18827
1.15462
1.12334
1.14018
1.1014
1.12331
1.0794
1.11018
1.12065
1.10054
1.06
1.06278
1.17072
1.05967
1.11825
1.16129
1.14639
1.08723
1.14651
1.12768
1.12694
1.08239
1.13912
1.13825
1.2218
1.16018
1.09682
1.13923
1.08935
1.04142
1.16341
1.09361
1.05478
0.959785
1.1398
1.13691
1.07449
1.04653
1.03818
1.06442
1.0035
1.12279
1.1444
1.09206
1.08453
1.05034
1.094
1.19459
1.1194
1.10698
1.02898
1.04035
1.04798
1.20799
1.07658
1.11913
1.12407
1.13452
1.06634
1.05609
1.00401
1.14054
1.17394
1.16616
1.17948
1.04841
1.08173
1.10374
1.05461
1.11397
1.16994
1.11653
1.14301
1.02895
1.1386
1.19927
1.07252
1.22197
1.02897
1.1602
1.11442
1.1334
1.11902
1.12268
1.07416
1.07188
1.12515
1.08828
1.04765
0.972025
1.08105
1.12913
1.07931
1.06676
1.0722
1.16643
1.1364
1.21375
1.12414
1.12265
1.08791
0.99166
1.13033
1.14083
1.13517
1.14624
1.14671
1.10878
1.21402
1.10347
1.09169
1.09989
1.07308
1.11216
1.08179
0.984462
1.07186
1.07405
1.12508
1.13543
1.07095
1.03928
1.01465
1.06248
1.084
1.19166
1.16836
1.07132
1.06512
1.13323
1.10424
0.955782
1.09038
1.10704
1.0246
1.07955
1.00349
0.988333
1.07763
1.06399
1.12156
1.03838
1.10921
1.05076
1.04091
1.11454
1.09105
1.09806
1.12884
1.07745
1.12171
1.13518
1.09324
1.15419
1.18577
1.03922
1.03827
1.09854
1.08597
1.13676
1.07019
1.05168
1.08026
1.0346
1.06395
1.16493
1.03382
1.0105
1.1231
1.06453
1.10208
1.13587
1.10362
1.04699
1.0611
1.24532
1.17645
1.17735
1.11197
1.10452
1.12819
1.16043
1.06586
1.1375
1.03241
0.978598
1.17083
1.04697
1.03417
1.12268
1.12886
1.06528
1.18578
1.0919
1.06671
1.1348
1.11952
1.04409
1.05468
1.06217
1.08932
1.0481
1.11675
1.1329
1.16515
1.0925
1.10457
1.08252
0.977101
1.02636
1.01956
1.09777
1.1181
1.04168
1.05464
1.12038
1.1064
1.0579
1.06395
1.13098
0.959471
1.04505
1.09673
1.22767
1.14278
1.16132
1.1571
1.19002
1.08489
0.986345
1.01119
1.01867
1.11033
1.08611
1.07969
1.10967
1.13545
1.17347
1.07399
1.01735
1.11497
1.06628
1.13527
1.12047
1.18142
1.06579
1.05823
1.14424
1.05159
1.12004
1.00959
1.02533
1.05199
1.03733
1.10816
1.04045
1.14657
1.0767
1.13301
1.01791
1.10961
1.12707
1.14639
1.06004
1.07166
1.16586
1.16928
1.07994
1.09095
1.11149
1.10807
1.08982
1.12628
1.17946
1.07851
1.03069
1.10125
1.11906
1.11971
1.19132
1.06957
1.04939
1.14
1.02264
0.969199
0.999416
1.09679
1.11142
1.07394
1.13017
1.05525
1.06962
1.09855
0.990315
1.10715
1.04908
1.1477
1.16471
0.98174
1.09506
1.1309
1.15359
1.00965
1.09204
1.105
1.20446
1.01334
1.09782
1.09163
1.12018
1.07405
1.15586
1.15015
0.986821
1.09146
1.10862
1.16832
1.14691
1.0929
1.12484
1.1001
1.08681
1.09914
1.10745
1.1197
1.11144
1.06502
1.10374
1.13123
1.0055
1.08303
1.06722
1.11436
1.09829
1.12436
1.07365
1.12417
1.06016
1.09546
1.08122
1.10964
1.12446
1.03686
0.942208
1.04025
1.04847
1.06475
1.09856
1.05228
0.996126
1.02862
1.1024
1.1732
1.05076
1.06241
1.07538
1.17989
1.07013
1.03307
1.05606
1.10397
1.14462
1.12092
1.09756
1.12116
1.06017
1.12525
1.17451
1.0118
1.14872
1.13192
1.12589
1.05091
1.08615
1.08705
1.10759
1.11657
1.12215
1.02504
1.07912
1.13847
1.08848
1.10283
1.15101
1.15991
1.00422
1.06506
0.930699
1.03721
1.0333
1.11028
1.09999
1.11242
1.02645
1.0452
0.982838
1.05296
1.14214
1.11681
1.08716
1.12795
1.05037
1.14744
1.06754
1.14647
1.06998
1.13045
1.01023
1.03875
1.18013
1.12067
1.04577
1.15393
1.09664
1.05981
1.08926
1.1349
1.10176
1.15352
1.05553
1.08001
1.04967
1.01237
1.09175
1.00403
1.05122
1.07803
1.03162
1.10494
1.13525
1.11956
1.08637
1.06479
1.14253
1.05372
1.08025
1.05768
1.06357
1.07234
0.981433
1.13208
1.09763
