-3.39065
-3.39054
-3.39128
-3.38861
-3.3899
-3.39042
-3.39006
-3.39086
-3.38879
-3.38869
-3.39102
-3.39211
-3.39157
-3.39011
-3.38732
-3.38619
-3.38787
-3.38969
-3.39105
-3.38687
-3.38826
-3.3856
-3.38998
-3.39195
-3.39368
-3.39015
-3.39014
-3.38662
-3.39057
-3.3903
-3.39263
-3.3894
-3.39076
-3.39359
-3.38973
-3.39038
-3.38821
-3.3908
-3.38902
-3.38839
-3.38915
-3.3899
-3.39186
-3.39198
-3.39026
-3.39012
-3.38975
-3.39059
-3.38696
-3.38793
-3.38911
-3.3904
-3.38937
-3.39087
-3.38989
-3.39032
-3.39179
-3.39362
-3.39322
-3.39714
-3.39266
-3.38978
-3.39073
-3.39089
-3.3933
-3.38803
-3.3865
-3.39096
-3.39087
-3.3916
-3.39414
-3.39141
-3.38711
-3.38535
-3.38759
-3.38585
-3.38844
-3.39084
-3.3857
-3.38776
-3.38941
-3.38936
-3.39085
-3.39342
-3.38916
-3.39132
-3.39002
-3.39083
-3.38794
-3.39075
-3.3872
-3.38489
-3.38763
-3.38846
-3.39042
-3.38774
-3.38958
-3.39046
-3.39077
-3.38642
-3.38924
-3.39122
-3.39132
-3.3952
-3.39552
-3.39591
-3.3908
-3.3923
-3.39079
-3.39145
-3.39019
-3.38841
-3.38801
-3.38797
-3.39018
-3.39
-3.388
-3.39179
-3.39395
-3.39344
-3.39216
-3.39303
-3.39282
-3.38938
-3.39165
-3.38957
-3.38923
-3.3911
-3.39117
-3.39163
-3.39079
-3.38919
-3.38902
-3.39072
-3.39209
-3.39347
-3.39243
-3.38863
-3.38828
-3.39
-3.38842
-3.38779
-3.38931
-3.3907
-3.39108
-3.38942
-3.38974
-3.38639
-3.38628
-3.38813
-3.39184
-3.39316
-3.39333
-3.39207
-3.39322
-3.39427
-3.39306
-3.39085
-3.39086
-3.38974
-3.38972
-3.38523
-3.38859
-3.38756
-3.38592
-3.38741
-3.38843
-3.38755
-3.39159
-3.3911
-3.3871
-3.38576
-3.38892
-3.38888
-3.38625
-3.38904
-3.38849
-3.38653
-3.38733
-3.38961
-3.38797
-3.38725
-3.38923
-3.3874
-3.3889
-3.38631
-3.38902
-3.39026
-3.38891
-3.38783
-3.38985
-3.39099
-3.38981
-3.39135
-3.38843
-3.38827
-3.38973
-3.38864
-3.39131
-3.39058
-3.39309
-3.39525
-3.3921
-3.39336
-3.39136
-3.39136
-3.39056
-3.39291
-3.39145
-3.39174
-3.39206
-3.39259
-3.38991
-3.39135
-3.38979
-3.39159
-3.3871
-3.38964
-3.39261
-3.38994
-3.38904
-3.39049
-3.39224
-3.39253
-3.39256
-3.38937
-3.38881
-3.38829
-3.38715
-3.38558
-3.38513
-3.38702
-3.3884
-3.3935
-3.39063
-3.38893
-3.38806
-3.3904
-3.39223
-3.38979
-3.39181
-3.39264
-3.38852
-3.38837
-3.39131
-3.39193
-3.38868
-3.38916
-3.38885
-3.39093
-3.39042
-3.3894
-3.39129
-3.39026
-3.39002
-3.38995
-3.39151
-3.39407
-3.39313
-3.39259
-3.39192
-3.3909
-3.38807
-3.38945
-3.39009
-3.39205
-3.39173
-3.39354
-3.39064
-3.38995
-3.39103
-3.39139
-3.39432
-3.39471
-3.38891
-3.39004
-3.38749
-3.38557
-3.38962
-3.38871
-3.38875
-3.38723
-3.38799
-3.38849
-3.38917
-3.38879
-3.38788
-3.3884
-3.38914
-3.38793
-3.38778
-3.39184
-3.39315
-3.39246
-3.39193
-3.39046
-3.39357
-3.39262
-3.39131
-3.39032
-3.3892
-3.39099
-3.39037
-3.39153
-3.39215
-3.39144
-3.39036
-3.39097
-3.38899
-3.39008
-3.3882
-3.38866
-3.38791
-3.38998
-3.38649
-3.38733
-3.38951
-3.38908
-3.38724
-3.3893
-3.38857
-3.38837
-3.38591
-3.38713
-3.38708
-3.38968
-3.38938
-3.38946
-3.38745
-3.39052
-3.39242
-3.39263
-3.39147
-3.38997
-3.39044
-3.38884
-3.39016
-3.38927
-3.39167
-3.39159
-3.38844
-3.38576
-3.3865
-3.38601
-3.38321
-3.38366
-3.38375
-3.38377
-3.38384
-3.38748
-3.38362
-3.38331
-3.38715
-3.3868
-3.38561
-3.38611
-3.38576
-3.38781
-3.38927
-3.39147
-3.39106
-3.38989
-3.39181
-3.39141
-3.39187
-3.3903
-3.39023
-3.38844
-3.38974
-3.38863
-3.39117
-3.3924
-3.39209
-3.394
-3.39372
-3.39355
-3.39275
-3.39435
-3.39304
-3.39243
-3.39297
-3.39204
-3.39014
-3.39017
-3.39269
-3.39249
-3.39103
-3.38953
-3.3904
-3.38902
-3.38927
-3.39116
-3.39151
-3.39316
-3.39452
-3.39315
-3.39122
-3.39175
-3.39372
-3.3954
-3.39115
-3.39022
-3.39174
-3.39018
-3.3911
-3.38839
-3.38724
-3.38756
-3.38665
-3.38753
-3.38786
-3.38917
-3.38783
-3.38739
-3.38978
-3.38994
-3.39139
-3.38894
-3.38869
-3.39123
-3.38993
-3.38922
-3.38594
-3.38884
-3.38691
-3.38901
-3.38488
-3.3851
-3.38715
-3.38843
-3.39061
-3.39133
-3.39496
-3.3914
-3.39151
-3.3904
-3.38974
-3.38854
-3.38668
-3.38591
-3.38768
-3.38833
-3.38941
-3.38862
-3.38756
-3.38773
-3.39196
-3.39273
-3.39179
-3.3928
-3.38749
-3.38861
-3.38793
-3.38703
-3.38703
-3.38648
-3.38757
-3.38897
-3.38918
-3.39109
-3.3917
-3.39112
-3.39255
-3.39111
-3.39142
-3.39523
-3.39137
-3.39218
-3.39077
-3.3929
-3.39274
-3.39586
-3.39162
-3.39092
-3.39263
-3.39431
-3.392
-3.39163
-3.39043
-3.38875
-3.38933
-3.38843
-3.39027
-3.39093
-3.39226
-3.39124
-3.39182
-3.39056
-3.39074
-3.39131
-3.39071
-3.39142
-3.39079
-3.39031
-3.39004
-3.39296
-3.39094
-3.39045
-3.38967
-3.38952
-3.38708
-3.39156
-3.39123
-3.39048
-3.39264
-3.39133
-3.39087
-3.39123
-3.38843
-3.38524
-3.38675
-3.38729
-3.38454
-3.38651
-3.38601
-3.39128
-3.39359
-3.39191
-3.39035
-3.38999
-3.38881
-3.38945
-3.3896
-3.38871
-3.38833
-3.38894
-3.38859
-3.38911
-3.39108
-3.38968
-3.38903
-3.38741
-3.38855
-3.39036
-3.38554
-3.39064
-3.39469
-3.39263
-3.39011
-3.38988
-3.3909
-3.39136
-3.39021
-3.39088
-3.38857
-3.38527
-3.38848
-3.3896
-3.39284
-3.39085
-3.38729
-3.38973
-3.38888
-3.39017
-3.39123
-3.38629
-3.38683
-3.38734
-3.3866
-3.38592
-3.3875
-3.3848
-3.38593
-3.38467
-3.38587
-3.38817
-3.38739
-3.39086
-3.38965
-3.38757
-3.39067
-3.39084
-3.38878
-3.38393
-3.38888
-3.39031
-3.39089
-3.39122
-3.39053
-3.38999
-3.39222
-3.39246
-3.39025
-3.38884
-3.39265
-3.39374
-3.39336
-3.39029
-3.39071
-3.38905
-3.38992
-3.39553
-3.39154
-3.39187
-3.39279
-3.39364
-3.39406
-3.39492
-3.39081
-3.39523
-3.39161
-3.38911
-3.39054
-3.38744
-3.38936
-3.38649
-3.38828
-3.38758
-3.39046
-3.39115
-3.39004
-3.38777
-3.38925
-3.39031
-3.38687
-3.38892
-3.38883
-3.38665
-3.3889
-3.3893
-3.3914
-3.39106
-3.39095
-3.39325
-3.39064
-3.38994
-3.38816
-3.38721
-3.3886
-3.39075
-3.39007
-3.38977
-3.38928
-3.38856
-3.38741
-3.38907
-3.39009
-3.39305
-3.3919
-3.39165
-3.39068
-3.38993
-3.38701
-3.38703
-3.38725
-3.38847
-3.38906
-3.39156
-3.39152
-3.3934
-3.3939
-3.3935
-3.39058
-3.39095
-3.39159
-3.39122
-3.39155
-3.39283
-3.39156
-3.39131
-3.39283
-3.39451
-3.39072
-3.3914
-3.38711
-3.38705
-3.39155
-3.39156
-3.39053
-3.3921
-3.39139
-3.39203
-3.38998
-3.39059
-3.3925
-3.38997
-3.38958
-3.39332
-3.39435
-3.39481
-3.38996
-3.38941
-3.39167
-3.38894
-3.39025
-3.38883
-3.38998
-3.39054
-3.39105
-3.38714
-3.38695
-3.38786
-3.38524
-3.38576
-3.38645
-3.38691
-3.38442
-3.38373
-3.38623
-3.38963
-3.38764
-3.39011
-3.38916
-3.38876
-3.39242
-3.39424
-3.39203
-3.38768
-3.3886
-3.3895
-3.38762
-3.38747
-3.3862
-3.38557
-3.38669
-3.38526
-3.38586
-3.38668
-3.38749
-3.39135
-3.39022
-3.3914
-3.39158
-3.38792
-3.38812
-3.38944
-3.3884
-3.38854
-3.39008
-3.39242
-3.3901
-3.38713
-3.38844
-3.38977
-3.38806
-3.39038
-3.39155
-3.388
-3.39119
-3.38987
-3.38769
-3.38827
-3.38824
-3.38663
-3.38402
-3.38713
-3.38735
-3.38685
-3.38967
-3.39065
-3.39074
-3.39067
-3.39071
-3.39274
-3.3924
-3.39239
-3.3913
-3.39041
-3.39152
-3.39081
-3.39003
-3.39075
-3.38741
-3.39161
-3.38883
-3.39001
-3.39121
-3.3875
-3.3876
-3.38694
-3.38589
-3.38781
-3.39495
-3.39091
-3.38899
-3.38728
-3.3848
-3.38591
-3.38646
-3.38811
-3.39174
-3.39157
-3.38775
-3.386
-3.38577
-3.38377
-3.38576
-3.38911
-3.39278
-3.39188
-3.39147
-3.39482
-3.39554
-3.39423
-3.38918
-3.39147
-3.38878
-3.38826
-3.38935
-3.39016
-3.39126
-3.38825
-3.38576
-3.39008
-3.39148
-3.39078
-3.3905
-3.39133
-3.39121
-3.38782
-3.38603
-3.38992
-3.38672
-3.38714
-3.38656
-3.38846
-3.38783
-3.38778
-3.3892
-3.3857
-3.38759
-3.38757
-3.38619
-3.38536
-3.38673
-3.38625
-3.38922
-3.38885
-3.38962
-3.39168
-3.39031
-3.38902
-3.38903
-3.38741
-3.38943
-3.39065
-3.39349
-3.39369
-3.38954
-3.39103
-3.38892
-3.39097
-3.38907
-3.38801
-3.38936
-3.3883
-3.39012
-3.39244
-3.39275
-3.39259
-3.39224
-3.39289
-3.39259
-3.39174
-3.39223
-3.39124
-3.38783
-3.38949
-3.39256
-3.38973
-3.39074
-3.39259
-3.39014
-3.39033
-3.39069
-3.3892
-3.38895
-3.38921
-3.38769
-3.38926
-3.39198
-3.39253
-3.39162
-3.39151
-3.39256
-3.39044
-3.38855
-3.3904
-3.38824
-3.39121
-3.38836
-3.38826
-3.39023
-3.38798
-3.38767
-3.38629
-3.38823
-3.38923
-3.38952
-3.39261
-3.38992
-3.39002
-3.38954
-3.38942
-3.3911
-3.39352
-3.39177
-3.39237
-3.39523
-3.39551
-3.39452
-3.39355
-3.38874
-3.39176
-3.38686
-3.38687
-3.39038
-3.39085
-3.39189
-3.39196
-3.38905
-3.39119
-3.389
-3.38751
-3.38962
-3.38769
-3.38983
-3.38821
-3.39101
-3.39055
-3.39111
-3.39151
-3.38859
-3.38994
-3.38942
-3.39032
-3.39109
-3.39016
-3.38719
-3.38969
-3.3873
-3.38771
-3.38693
-3.38544
-3.38646
-3.38802
-3.38878
-3.39256
-3.39158
-3.38895
-3.3852
-3.38673
-3.38807
-3.38649
-3.38623
-3.38546
-3.3869
-3.3884
-3.38865
-3.3914
-3.38948
-3.39028
-3.3878
-3.38686
-3.38693
-3.39156
-3.39356
-3.39465
-3.39434
-3.39364
-3.39179
-3.38806
-3.38966
-3.38793
-3.38763
-3.39136
-3.38949
-3.39104
-3.38994
-3.38961
-3.39275
-3.39244
-3.39372
-3.39288
-3.39418
-3.38932
-3.38808
-3.38959
-3.39349
-3.38944
-3.38997
-3.39036
-3.38821
-3.38765
-3.38692
-3.38901
-3.38483
-3.38367
-3.38885
-3.38821
-3.39191
-3.39255
-3.39422
-3.39353
-3.39252
-3.39405
-3.39464
-3.3948
-3.39284
-3.39168
-3.39202
-3.38937
-3.38798
-3.38866
-3.38972
-3.39005
-3.38911
-3.39081
-3.39183
-3.39254
-3.39187
-3.39047
-3.39156
-3.39296
-3.39312
-3.39504
-3.39623
-3.39293
-3.38788
-3.38669
-3.38731
-3.38682
-3.38926
-3.38797
-3.3878
-3.38919
-3.38729
-3.39087
-3.39118
-3.39014
-3.38955
-3.38972
-3.38416
-3.38598
-3.38766
-3.39003
-3.3874
-3.38685
-3.38669
-3.38661
-3.38656
-3.38585
-3.38526
-3.38663
-3.38624
-3.38877
-3.38935
-3.38899
-3.38666
-3.38822
-3.38836
-3.3893
-3.3907
-3.3894
-3.39057
-3.38833
-3.39123
-3.39072
-3.38915
-3.38688
-3.38776
-3.38934
-3.39021
-3.39239
-3.38923
-3.38779
-3.39014
-3.39187
-3.39051
-3.38787
-3.39056
-3.38716
-3.38471
-3.38519
-3.388
-3.39092
-3.38923
-3.38737
-3.38666
-3.38664
-3.38896
-3.38608
-3.38686
-3.38794
-3.38592
-3.39022
-3.38904
-3.38946
-3.38835
-3.38757
-3.39195
-3.39204
-3.39303
-3.38987
-3.39171
-3.38698
-3.38784
-3.39265
-3.39173
-3.3895
-3.38804
-3.38903
-3.38993
-3.38853
-3.38772
-3.38938
-3.38628
-3.38746
-3.38727
-3.39126
-3.38788
-3.38919
-3.38837
-3.38992
-3.39043
-3.39351
-3.3936
-3.39132
-3.38954
-3.38989
-3.38806
-3.38667
-3.38502
-3.38427
-3.38607
-3.3902
-3.39049
-3.3898
-3.38763
-3.39119
-3.39043
-3.38858
-3.38794
-3.39181
-3.39043
-3.39104
-3.39073
-3.39288
-3.39149
-3.39508
-3.38989
-3.38645
-3.38941
-3.38903
-3.38976
-3.39286
-3.39598
-3.39309
-3.39273
-3.39115
-3.38969
-3.38806
-3.39233
-3.38829
-3.38805
-3.38575
-3.38831
-3.38832
-3.38926
-3.39325
-3.39225
-3.39343
-3.39013
-3.39021
-3.39189
-3.38896
-3.38935
-3.38819
-3.39188
-3.39094
-3.39104
-3.38802
-3.38746
-3.38993
-3.38963
-3.39414
-3.38907
-3.39056
-3.38818
-3.39077
-3.39237
-3.39242
-3.38869
-3.3925
-3.39313
-3.39504
-3.3921
-3.39481
-3.39102
-3.3909
-3.39089
-3.38956
-3.38961
-3.39032
-3.3889
-3.38908
-3.39006
-3.39154
-3.38872
-3.38586
-3.38498
-3.38714
-3.38682
-3.39212
-3.39095
-3.39186
-3.39108
-3.39194
-3.38982
-3.39387
-3.39201
-3.3902
-3.39016
-3.39197
-3.39184
-3.39481
-3.39311
-3.39161
-3.39052
-3.39024
-3.3913
-3.39222
-3.3906
-3.3896
-3.39146
-3.38937
-3.38909
-3.38768
-3.38908
-3.38971
-3.38937
-3.3909
-3.39045
-3.39174
-3.38839
-3.39104
-3.38995
-3.38899
-3.38817
-3.39186
-3.39123
-3.39003
-3.39037
-3.3879
-3.38823
-3.39057
-3.39057
-3.39327
-3.39246
-3.39265
-3.39404
-3.39303
-3.39158
-3.38699
-3.38685
-3.38846
-3.39057
-3.39037
-3.38968
-3.38972
-3.39014
-3.39087
-3.38863
-3.38981
-3.3887
-3.38978
-3.3874
-3.38887
-3.38947
-3.38949
-3.38702
-3.38839
-3.3915
-3.3921
-3.39001
-3.38915
-3.38882
-3.38793
-3.38623
-3.38624
-3.38419
-3.38927
-3.39079
-3.38887
-3.38777
-3.387
-3.38668
-3.39303
-3.39523
-3.39354
-3.3928
-3.39336
-3.39192
-3.39217
-3.39192
-3.39282
-3.39206
-3.39121
-3.3893
-3.39234
-3.3873
-3.38968
-3.39189
-3.39134
-3.38995
-3.39178
-3.39023
-3.39019
-3.3916
-3.39071
-3.38852
-3.39025
-3.39412
-3.3895
-3.38576
-3.38761
-3.38726
-3.38807
-3.38885
-3.39016
-3.39034
-3.38821
-3.38894
-3.39156
-3.39028
-3.38982
-3.38894
-3.38757
-3.39262
-3.39023
-3.38847
-3.39312
-3.39311
-3.3907
-3.39188
-3.39021
-3.38938
-3.38842
-3.39039
-3.3883
-3.38611
-3.38736
-3.3901
-3.38952
-3.38888
-3.38878
-3.38882
-3.39054
-3.39236
-3.3894
-3.38531
-3.38671
-3.38625
-3.38857
-3.38922
-3.38697
-3.38736
-3.38891
-3.38707
-3.39026
-3.38724
-3.38901
-3.39076
-3.39086
-3.38762
-3.38742
-3.38734
-3.3898
-3.38985
-3.38848
-3.38837
-3.39011
-3.38843
-3.38508
-3.38647
-3.3877
-3.3887
-3.38766
-3.38644
-3.38755
-3.38904
-3.38748
-3.3867
-3.38781
-3.38905
-3.39045
-3.3887
-3.39208
-3.39299
-3.39078
-3.39055
-3.38984
-3.39011
-3.39323
-3.39179
-3.39036
-3.39074
-3.39168
-3.39228
-3.38933
-3.38815
-3.38909
-3.3902
-3.38718
-3.38754
-3.3886
-3.38692
-3.38976
-3.38953
-3.39195
-3.38944
-3.39198
-3.39306
-3.39252
-3.39008
-3.39232
-3.39028
-3.38921
-3.38708
-3.38806
-3.38771
-3.38995
-3.38939
-3.39066
-3.38891
-3.38832
-3.39029
-3.38989
-3.39001
-3.38974
-3.39174
-3.38985
-3.38832
-3.38998
-3.38911
-3.38998
-3.39001
-3.38538
-3.39017
-3.38955
-3.39185
-3.39224
-3.39329
-3.39464
-3.39114
-3.3908
-3.38683
-3.38731
-3.38759
-3.38872
-3.38913
-3.38757
-3.38793
-3.39004
-3.3916
-3.39359
-3.39027
-3.39277
-3.39521
-3.39426
-3.39138
-3.39099
-3.39041
-3.39032
-3.39392
-3.39372
-3.39325
-3.39142
-3.38944
-3.39001
-3.38953
-3.39113
-3.38969
-3.3902
-3.38922
-3.38826
-3.38485
-3.3868
-3.38634
-3.38751
-3.38647
-3.38671
-3.38431
-3.38939
-3.38956
-3.38879
-3.38886
-3.38943
-3.39058
-3.39371
-3.39404
-3.38882
-3.38723
-3.38746
-3.386
-3.38367
-3.38582
-3.38693
-3.38823
-3.38699
-3.38779
-3.39115
-3.38856
-3.38744
-3.38823
-3.38733
-3.38836
-3.38764
-3.38936
-3.38996
-3.39318
-3.38949
-3.3904
-3.39028
-3.39019
-3.39171
-3.38795
-3.38981
-3.38715
-3.39023
-3.39
-3.39099
-3.38859
-3.38926
-3.38653
-3.38816
-3.38725
-3.39085
-3.39193
-3.39014
-3.3894
-3.39104
-3.39022
-3.391
-3.38942
-3.39056
-3.38867
-3.39071
-3.39032
-3.39421
-3.39283
-3.39387
-3.3953
-3.39503
-3.39367
-3.39284
-3.39038
-3.39049
-3.3923
-3.39197
-3.38854
-3.38594
-3.38944
-3.39071
-3.39056
-3.39011
-3.39112
-3.38882
-3.38816
-3.38954
-3.38692
-3.38982
-3.39272
-3.39014
-3.39175
-3.38957
-3.39104
-3.39104
-3.39209
-3.39377
-3.39584
-3.39276
-3.39001
-3.38979
-3.39277
-3.39274
-3.39216
-3.389
-3.38687
-3.38946
-3.39046
-3.3916
-3.3901
-3.39066
-3.39205
-3.39072
-3.38813
-3.39044
-3.38654
-3.38522
-3.38561
-3.38459
-3.38774
-3.3871
-3.38571
-3.38842
-3.38581
-3.39003
-3.38771
-3.38792
-3.38972
-3.39014
-3.39134
-3.38809
-3.39051
-3.3909
-3.39267
-3.39163
-3.39461
-3.39357
-3.3876
-3.38719
-3.3903
-3.3887
-3.3895
-3.39112
-3.39369
-3.39347
-3.38963
-3.38848
-3.3875
-3.3889
-3.39088
-3.38905
-3.39028
-3.3928
-3.39326
-3.39203
-3.39036
-3.39159
-3.39248
-3.39188
-3.39212
-3.39493
-3.39248
-3.39163
-3.391
-3.39184
-3.38807
-3.38783
-3.38598
-3.38783
-3.39256
-3.39064
-3.39049
-3.39184
-3.39184
-3.39056
-3.3903
-3.3897
-3.39119
-3.3921
-3.38842
-3.39118
-3.38994
-3.393
-3.39177
-3.39185
-3.39341
-3.39551
-3.39214
-3.38977
-3.3918
-3.38775
-3.39184
-3.39257
-3.39335
-3.39503
-3.39218
-3.39012
-3.39344
-3.39331
-3.39259
-3.39231
-3.39069
-3.39181
-3.39274
-3.39173
-3.39197
-3.39037
-3.39173
-3.39743
-3.39662
-3.39264
-3.39154
-3.38921
-3.39046
-3.39031
-3.39034
-3.3898
-3.38779
-3.38644
-3.38672
-3.38824
-3.39253
-3.3898
-3.39025
-3.39126
-3.3896
-3.38766
-3.38609
-3.38637
-3.38703
-3.38947
-3.39352
-3.39185
-3.39448
-3.39079
-3.3906
-3.39178
-3.39015
-3.39097
-3.39254
-3.38939
-3.38967
-3.38608
-3.38212
-3.38561
-3.38754
-3.3889
-3.38873
-3.39201
-3.39179
-3.39282
-3.39041
-3.3888
-3.38689
-3.38817
-3.38842
-3.38975
-3.39127
-3.3898
-3.39046
-3.39192
-3.39095
-3.39114
-3.38952
-3.39083
-3.39144
-3.3912
-3.3918
-3.39002
-3.38944
-3.38938
-3.39009
-3.39045
-3.38802
-3.38895
-3.39062
-3.38717
-3.38902
-3.39046
-3.38876
-3.38965
-3.38858
-3.38958
-3.39221
-3.39079
-3.39381
-3.39216
-3.3925
-3.3911
-3.38998
-3.39008
-3.3904
-3.39305
-3.39173
-3.39167
-3.39007
-3.38866
-3.38886
-3.38818
-3.3876
-3.39075
-3.39066
-3.39027
-3.38601
-3.38585
-3.38279
-3.38442
-3.38622
-3.38939
-3.39071
-3.39155
-3.38658
-3.38813
-3.38894
-3.39034
-3.38983
-3.38688
-3.38856
-3.38895
-3.3899
-3.3877
-3.39142
-3.39096
-3.39003
-3.38781
-3.38724
-3.38712
-3.39073
-3.38875
-3.39006
-3.38861
-3.39103
-3.3925
-3.39339
-3.39237
-3.39148
-3.39102
-3.39222
-3.39085
-3.39113
-3.39049
-3.39214
-3.39062
-3.38936
-3.38658
-3.38262
-3.38327
-3.38634
-3.39042
-3.38953
-3.39064
-3.38852
-3.38944
-3.38607
-3.38794
-3.38869
-3.38694
-3.38977
-3.39091
-3.39108
-3.39232
-3.39228
-3.39221
-3.39284
-3.39459
-3.39232
-3.38903
-3.39052
-3.39078
-3.38838
-3.38939
-3.39028
-3.39104
-3.38899
-3.39168
-3.39032
-3.39301
-3.39166
-3.39365
-3.39047
-3.39213
-3.39019
-3.38711
-3.39234
-3.39193
-3.38989
-3.38757
-3.38664
-3.38811
-3.38514
-3.38488
-3.38664
-3.38593
-3.3858
-3.3864
-3.38684
-3.38957
-3.38979
-3.38861
-3.39092
-3.38684
-3.3913
-3.39262
-3.39312
-3.39259
-3.39368
-3.39339
-3.39116
-3.38896
-3.38692
-3.38891
-3.38967
-3.38715
-3.38826
-3.38857
-3.38892
-3.38858
-3.39026
-3.3908
-3.3959
-3.39275
-3.38908
-3.38569
-3.38591
-3.38981
-3.38859
-3.39094
-3.39108
-3.38926
-3.38927
-3.39037
-3.39426
-3.3922
-3.38834
-3.38939
-3.38945
-3.38987
-3.39145
-3.39024
-3.38858
-3.3879
-3.38818
-3.38667
-3.38873
-3.38707
-3.38712
-3.38843
-3.39106
-3.39052
-3.38833
-3.38881
-3.38894
-3.38725
-3.38874
-3.39085
-3.39042
-3.38975
-3.38891
-3.38816
-3.38849
-3.38944
-3.38805
-3.38559
-3.38462
-3.38766
-3.38695
-3.38491
-3.38634
-3.39076
-3.39203
-3.38907
-3.38955
-3.38936
-3.38827
-3.3889
-3.38684
-3.38875
-3.38835
-3.39173
-3.38878
-3.3894
-3.39068
-3.39085
-3.38932
-3.39363
-3.39306
-3.39006
-3.38917
-3.39037
-3.38783
-3.39022
-3.39112
-3.38666
-3.3912
-3.39291
-3.39226
-3.38769
-3.39164
-3.39115
-3.38919
-3.39127
-3.38868
-3.38983
-3.39231
-3.38886
-3.38891
-3.38808
-3.38519
-3.38407
-3.38765
-3.38789
-3.3891
-3.39161
-3.39439
-3.39227
-3.39024
-3.38855
-3.3912
-3.39255
-3.38896
-3.39219
-3.39133
-3.39328
-3.39204
-3.3919
-3.39288
-3.39414
-3.38993
-3.39101
-3.38954
-3.39029
-3.3868
-3.38666
-3.38993
-3.39307
-3.39087
-3.39133
-3.39117
-3.39225
-3.3898
-3.38877
-3.38987
-3.38913
-3.3909
-3.39373
-3.39247
-3.39279
-3.39241
-3.3887
-3.39062
-3.39193
-3.39281
-3.39232
-3.39311
-3.39326
-3.39111
-3.39053
-3.394
-3.39201
-3.39313
-3.39161
-3.38935
-3.39097
-3.39108
-3.38997
-3.38919
-3.39013
-3.38973
-3.38782
-3.39085
-3.38718
-3.38831
-3.39212
-3.39234
-3.38973
-3.38838
-3.38618
-3.3863
-3.38585
-3.38861
-3.3887
-3.38993
-3.38985
-3.38804
-3.38747
-3.39197
-3.39242
-3.39598
-3.39457
-3.39354
-3.39329
-3.3923
-3.3943
-3.39428
-3.39127
-3.39318
-3.39158
-3.39349
-3.39415
-3.39541
-3.39287
-3.39309
-3.39246
-3.3888
-3.38964
-3.39005
-3.3928
-3.3903
-3.39293
-3.39267
-3.39353
-3.39113
-3.38855
-3.38683
-3.38646
-3.38819
-3.38827
-3.39157
-3.39144
-3.39301
-3.3929
-3.38946
-3.38967
-3.39026
-3.39308
-3.39001
-3.39321
-3.39362
-3.39196
-3.39011
-3.39207
-3.39289
-3.39103
-3.39019
-3.39116
-3.39189
-3.39236
-3.38906
-3.38948
-3.38844
-3.38832
-3.38882
-3.39138
-3.38844
-3.38763
-3.38674
-3.38806
-3.38914
-3.3898
-3.3966
-3.39471
-3.39563
-3.39409
-3.39438
-3.39439
-3.39049
-3.39111
-3.39397
-3.39136
-3.39286
-3.3945
-3.39431
-3.39453
-3.39057
-3.39116
-3.38957
-3.39196
-3.39271
-3.39229
-3.39284
-3.39294
-3.39231
-3.38821
-3.38761
-3.38707
-3.3886
-3.39152
-3.39027
-3.38926
-3.38748
-3.39031
-3.38937
-3.38755
-3.38942
-3.38557
-3.38626
-3.38757
-3.38711
-3.38647
-3.39086
-3.39057
-3.39165
-3.38977
-3.3903
-3.38976
-3.39223
-3.39288
-3.39227
-3.39007
-3.39257
-3.39117
-3.38925
-3.38812
-3.39071
-3.39123
-3.39117
-3.39036
-3.39024
-3.38991
-3.38717
-3.38876
-3.39227
-3.39166
-3.39166
-3.39245
-3.3903
-3.38992
-3.39186
-3.39004
-3.39084
-3.38995
-3.39217
-3.39032
-3.39353
-3.39274
-3.38954
-3.39139
-3.38953
-3.38613
-3.38649
-3.38634
-3.38624
-3.38488
-3.38657
-3.38799
-3.3883
-3.39175
-3.39214
-3.39319
-3.39158
-3.38862
-3.38788
-3.38802
-3.38599
-3.38726
-3.38729
-3.38779
-3.38827
-3.38923
-3.39025
-3.39088
-3.3875
-3.38873
-3.39127
-3.39125
-3.38859
-3.39122
-3.39154
-3.39071
-3.39239
-3.39256
-3.39105
-3.39238
-3.39071
-3.38979
-3.39098
-3.39324
-3.39186
-3.39458
-3.39197
-3.39076
-3.39338
-3.39109
-3.38696
-3.38749
-3.38657
-3.38751
-3.38651
-3.3903
-3.38727
-3.38836
-3.38784
-3.39134
-3.39415
-3.39163
-3.3889
-3.39116
-3.39167
-3.39305
-3.39104
-3.39213
-3.38962
-3.39
-3.38769
-3.39133
-3.39167
-3.39105
-3.38863
-3.38721
-3.38755
-3.38685
-3.38726
-3.3878
-3.38718
-3.38921
-3.38731
-3.38951
-3.39059
-3.38977
-3.38878
-3.38962
-3.3882
-3.39156
-3.38887
-3.39108
-3.38845
-3.38746
-3.38663
-3.38942
-3.38895
-3.38906
-3.39078
-3.3926
-3.38688
-3.38622
-3.38708
-3.38563
-3.38691
-3.38724
-3.38787
-3.38734
-3.38721
-3.3915
-3.38839
-3.39263
-3.38971
-3.38952
-3.38954
-3.39046
-3.39271
-3.39002
-3.39279
-3.39032
-3.39519
-3.39224
-3.39125
-3.38999
-3.39152
-3.39007
-3.39279
-3.393
-3.39287
-3.39172
-3.38792
-3.39157
-3.39196
-3.38986
-3.38946
-3.38824
-3.39092
-3.3917
-3.38788
-3.38925
-3.38873
-3.38865
-3.38866
-3.39153
-3.39229
-3.392
-3.3928
-3.39344
-3.3932
-3.39141
-3.39274
-3.39206
-3.39114
-3.38673
-3.38715
-3.38874
-3.39028
-3.38847
-3.39163
-3.39254
-3.39027
-3.39071
-3.38693
-3.39015
-3.38848
-3.39118
-3.38901
-3.39109
-3.39018
-3.39153
-3.39288
-3.39175
-3.39062
-3.38771
-3.39074
-3.39039
-3.38909
-3.38786
-3.38841
-3.38935
-3.38868
-3.38829
-3.39035
-3.38879
-3.39095
-3.3885
-3.38557
-3.3887
-3.39083
-3.39267
-3.3911
-3.39071
-3.39209
-3.3911
-3.39274
-3.389
-3.38776
-3.38611
-3.38742
-3.38704
-3.39087
-3.39102
-3.39027
-3.38834
-3.38636
-3.38445
-3.38632
-3.38767
-3.39042
-3.39182
-3.39163
-3.38984
-3.3903
-3.38778
-3.38702
-3.38919
-3.38829
-3.38892
-3.3906
-3.39063
-3.38768
-3.38866
-3.38954
-3.3903
-3.38843
-3.38717
-3.38541
-3.3851
-3.38978
-3.39103
-3.38822
-3.3868
-3.38866
-3.38978
-3.38972
-3.3917
-3.39324
-3.38941
-3.38893
-3.39146
-3.38982
-3.38855
-3.38664
-3.38718
-3.38648
-3.38705
-3.38923
-3.38642
-3.38328
-3.38246
-3.3862
-3.38569
-3.38647
-3.38872
-3.38696
-3.38672
-3.3897
-3.39114
-3.38826
-3.38831
-3.38845
-3.3892
-3.39053
-3.38883
-3.38844
-3.38726
-3.3855
-3.38796
-3.38917
-3.39034
-3.39071
-3.38828
-3.38922
-3.38766
-3.38977
-3.38893
-3.38892
-3.39251
-3.39164
-3.38983
-3.38934
-3.38787
-3.38611
-3.3895
-3.38986
-3.3877
-3.39025
-3.38926
-3.39132
-3.38983
-3.38647
-3.38873
-3.3901
-3.39184
-3.38944
-3.38747
-3.38825
-3.39102
-3.39093
-3.39189
-3.39055
-3.39215
-3.39125
-3.39052
