-4.96165
-4.90921
-4.8506
-4.93368
-5.02604
-5.07773
-4.93627
-4.99452
-5.03263
-5.08373
-5.04112
-5.1643
-5.03972
-4.9538
-4.97884
-5.08042
-5.01012
-4.99788
-5.02515
-4.94109
-5.0787
-4.90239
-4.90523
-4.95905
-5.11177
-5.16084
-5.01035
-5.06396
-5.0305
-5.13516
-5.11515
-4.94562
-5.10727
-5.03272
-5.13222
-5.14153
-4.93157
-4.97218
-4.99625
-5.19705
-5.08585
-4.99865
-5.20448
-5.05964
-5.07278
-5.11939
-5.05393
-5.01954
-4.99131
-5.17935
-5.03642
-5.01944
-4.92799
-5.00898
-5.1016
-4.96257
-5.07961
-5.04351
-5.03993
-5.121
-5.02128
-5.02819
-5.06097
-5.0804
-5.00861
-4.98481
-4.98017
-5.03118
-4.89083
-5.04312
-4.93859
-5.04204
-4.95649
-4.98552
-4.88821
-4.95235
-5.07286
-5.08817
-4.96391
-4.97803
-4.95711
-4.83345
-5.07586
-4.97091
-4.9442
-5.01397
-4.8761
-5.10987
-5.1292
-5.03468
-5.0047
-5.04958
-5.1048
-4.96994
-5.08874
-5.16138
-4.89674
-4.95978
-5.00682
-5.00292
-5.00932
-5.05586
-5.21587
-5.17743
-5.05154
-4.80563
-4.92039
-5.10566
-5.0108
-5.06868
-5.03403
-5.01904
-4.91398
-5.11485
-4.99069
-5.03161
-5.10185
-5.11741
-5.15185
-5.08055
-5.17092
-4.90953
-5.10706
-5.01673
-5.03274
-5.0514
-5.0301
-4.91152
-4.93308
-5.01572
-5.06628
-4.98938
-5.12504
-5.06077
-5.0654
-5.11258
-5.12299
-5.01392
-5.12831
-5.03145
-4.90657
-5.03114
-4.95204
-4.97166
-5.04889
-4.97839
-5.10927
-5.00517
-5.01146
-5.00945
-5.12436
-5.08524
-5.0226
-4.9413
-4.97296
-5.04029
-5.04602
-5.03875
-5.02976
-5.07414
-5.09534
-4.98835
-5.14754
-4.99285
-5.12261
-5.14355
-4.88019
-5.05047
-4.89702
-5.04264
-4.96849
-4.98469
-5.02165
-4.94553
-4.86909
-5.02451
-5.0009
-4.95292
-4.99952
-5.08599
-5.0938
-4.92585
-5.07094
-5.03951
-5.0263
-5.00326
-5.13133
-4.96346
-5.08221
-5.20459
-5.11802
-5.06436
-4.93081
-5.04903
-5.07452
-5.01346
-5.04714
-4.95844
-5.00843
-5.06029
-5.01471
-5.14334
-5.0154
-5.04566
-4.95105
-5.23854
-5.13753
-5.00711
-5.09823
-5.31247
-4.94445
-5.08621
-4.9496
-5.09306
-5.00384
-5.08706
-5.03073
-5.00947
-5.04562
-5.03856
-5.05436
-5.06736
-5.09463
-5.01412
-5.01386
-4.99601
-5.21653
-4.95771
-4.89585
-4.90336
-5.00058
-4.95488
-4.86338
-5.09513
-5.11956
-5.03175
-4.98087
-4.9304
-4.97568
-4.97984
-4.94848
-5.13199
-5.02816
-4.98568
-5.09015
-5.11547
-5.10093
-5.18051
-5.06613
-5.01091
-4.96714
-4.8636
-5.0656
-5.02124
-4.87068
-5.09518
-5.17277
-4.87691
-5.0252
-5.01719
-5.06738
-4.91942
-5.05435
-5.14558
-5.14303
-5.06606
-5.14974
-5.1611
-5.04352
-4.97928
-4.95431
-5.10298
-5.02923
-5.02264
-5.00163
-5.09025
-5.04367
-5.09766
-4.98496
-4.94822
-5.13099
-5.10425
-5.01849
-5.00374
-4.9742
-5.04688
-5.03901
-5.07283
-5.07187
-5.01205
-5.01435
-5.14483
-5.14828
-5.04876
-4.9252
-5.02861
-5.11043
-4.97969
-5.0767
-5.04479
-4.98216
-4.95303
-5.04147
-5.04621
-5.04392
-5.01686
-5.05466
-4.97224
-5.04311
-5.08082
-5.06759
-5.003
-5.11244
-5.12992
-5.02709
-5.00705
-5.04799
-5.15842
-5.13902
-5.03347
-4.90371
-5.05728
-5.07685
-4.91382
-4.90499
-5.06212
-4.89422
-5.07823
-5.15017
-4.97541
-4.85147
-5.09991
-4.78162
-5.04562
-5.07999
-4.90932
-5.0896
-5.06614
-4.96601
-5.01489
-4.91776
-5.06335
-5.05914
-5.05628
-4.91235
-4.95729
-5.04237
-4.882
-4.88641
-4.86455
-4.95187
-5.04687
-4.98556
-4.93516
-5.04606
-4.9628
-5.04808
-5.03948
-5.04134
-4.99658
-5.06783
-5.11649
-5.03958
-5.04674
-5.15742
-5.02721
-4.99186
-4.97429
-5.11021
-5.06856
-5.08649
-5.11404
-5.08345
-5.16618
-5.04942
-5.0918
-5.21171
-5.08747
-5.03256
-5.15272
-5.04814
-5.09903
-5.0023
-4.92904
-5.01602
-4.98641
-5.16345
-5.03953
-5.12278
-4.99956
-5.01825
-5.06152
-4.89828
-5.12679
-4.95493
-5.13371
-5.01505
-5.09766
-5.06204
-4.9748
-4.83171
-5.01628
-5.06838
-5.0354
-5.0155
-5.03207
-4.9543
-5.04432
-4.9806
-5.00308
-4.94948
-4.96029
-4.95245
-5.0804
-5.00564
-5.01454
-5.0693
-5.13472
-4.93227
-5.03724
-5.11613
-5.14488
-4.93263
-5.0564
-4.90437
-4.92711
-5.01286
-4.90138
-5.02505
-5.10694
-5.07187
-5.04802
-4.97183
-5.12087
-5.04924
-5.09777
-4.97113
-5.09689
-5.11852
-4.98302
-4.94951
-5.04703
-5.01446
-4.9643
-5.02961
-4.99712
-5.03896
-4.97895
-5.1149
-5.18862
-4.95059
-5.00716
-5.0377
-5.08915
-5.00678
-4.99044
-5.06868
-5.01069
-4.89806
-4.98141
-5.00916
-5.02409
-5.11834
-4.9863
-4.95824
-5.03199
-4.95426
-5.03552
-5.06723
-5.0719
-4.89964
-5.02635
-5.13428
-5.07858
-5.0814
-4.95381
-4.9277
-4.92195
-5.00558
-5.01053
-5.08857
-5.07505
-5.15545
-5.1362
-5.04809
-5.13955
-4.94341
-4.9747
-5.11536
-5.01663
-5.06401
-4.92832
-4.99691
-5.01858
-5.07542
-5.15451
-4.99822
-5.05845
-4.97825
-5.06708
-4.97301
-4.94566
-4.92374
-5.01836
-5.09177
-5.00881
-5.07682
-5.06437
-5.09804
-5.0871
-5.06293
-5.00772
-4.96746
-5.01321
-5.06615
-5.17549
-5.1533
-5.1943
-5.08882
-5.16504
-5.09496
-5.05032
-4.90132
-5.07851
-5.1167
-4.99658
-4.94371
-4.96438
-5.0032
-4.91895
-5.07089
-4.94801
-4.97603
-5.00886
-4.9129
-5.03635
-5.09557
-4.99164
-4.97869
-5.06697
-5.20354
-5.17657
-5.01822
-4.95034
-5.03568
-5.08457
-5.09567
-4.98962
-5.03304
-5.02747
-5.05378
-5.07854
-4.9277
-5.10815
-5.08895
-5.08645
-4.99973
-4.91938
-5.14619
-4.81228
-4.92215
-5.19272
-4.91452
-4.98421
-4.99342
-5.09274
-4.94336
-4.98457
-5.07703
-4.97645
-5.08109
-5.03371
-4.97929
-5.04229
-5.08482
-5.03193
-5.10178
-4.97115
-5.06448
-5.04509
-5.0452
-4.92711
-5.0622
-5.0632
-5.11375
-5.09503
-5.05943
-5.09142
-4.91985
-5.11014
-5.09327
-5.0891
-5.12175
-4.97482
-5.04309
-4.92895
-4.93318
-5.10918
-4.96404
-5.00845
-5.02025
-4.97491
-4.97396
-5.05719
-5.14139
-5.0387
-5.12003
-5.08983
-5.07355
-5.09815
-4.99265
-4.9879
-4.88877
-5.0757
-4.9364
-5.03282
-4.99636
-4.83478
-4.97122
-5.01861
-5.04574
-4.87624
-4.94122
-4.99229
-4.99746
-5.02225
-4.98378
-4.8579
-5.01297
-5.06595
-5.09989
-5.03636
-5.13523
-5.04363
-4.87803
-4.9816
-4.93978
-5.09124
-4.96866
-5.06693
-5.14312
-5.04658
-4.94146
-5.05835
-5.06882
-5.23288
-5.05782
-5.02506
-4.94079
-4.98565
-5.05097
-5.09796
-5.07842
-5.11102
-5.05345
-5.12866
-5.0441
-5.09497
-5.04486
-4.99949
-4.99595
-5.01028
-4.9717
-4.98464
-5.05516
-4.98476
-5.13704
-4.90353
-5.09657
-4.9966
-5.00606
-5.13352
-4.89821
-5.17882
-5.05578
-4.94813
-4.95376
-5.05477
-5.09146
-5.16076
-5.1004
-4.95134
-5.08144
-5.09139
-5.10374
-5.16368
-5.0288
-5.03404
-5.02031
-5.1642
-5.09026
-5.07489
-4.96911
-4.88084
-4.85628
-4.96595
-5.04868
-4.95278
-4.97685
-5.07298
-4.98278
-5.02735
-4.99953
-5.11606
-5.13738
-5.0149
-5.031
-5.0969
-4.95664
-5.0011
-4.96665
-5.00964
-5.00342
-4.91302
-5.00355
-4.99866
-5.06194
-4.98648
-5.164
-5.02572
-4.98067
-5.0957
-5.05381
-5.04553
-5.14369
-5.04043
-5.01298
-4.99079
-4.99549
-5.04754
-5.07922
-4.95017
-5.15301
-5.01305
-5.02564
-4.90992
-5.02197
-4.91082
-5.07002
-4.93594
-5.0241
-5.20643
-5.09308
-5.12082
-4.81447
-4.98788
-4.91649
-5.00404
-5.02822
-5.00633
-5.04445
-5.11801
-5.08176
-5.11377
-4.89519
-5.13995
-5.00178
-5.08068
-5.15142
-5.00423
-4.97118
-4.97056
-4.98542
-5.16762
-5.11171
-4.88406
-5.00906
-4.99306
-4.86736
-5.08768
-5.09179
-5.05214
-5.08218
-4.99775
-5.09898
-4.99906
-4.93014
-4.99996
-5.00526
-4.90285
-5.05399
-5.03617
-5.0818
-4.98891
-4.89714
-5.00802
-5.04995
-5.0414
-5.04987
-5.16448
-5.09194
-5.04549
-5.11256
-5.15261
-4.96812
-5.03073
-5.16378
-5.03684
-4.88977
-4.9822
-5.00504
-4.92067
-5.11432
-5.03597
-5.11537
-5.00859
-5.07836
-5.04755
-5.07868
-4.91441
-5.00075
-5.04322
-5.0773
-5.00967
-5.0007
-4.99592
-5.01367
-4.88597
-4.98849
-5.06001
-5.05431
-5.09345
-5.17518
-4.90067
-5.10113
-5.06368
-5.0372
-4.90276
-4.9286
-5.02997
-4.97766
-5.07185
-5.05701
-4.95939
-5.01816
-5.14033
-5.10257
-5.15816
-5.00538
-4.99617
-5.09921
-4.98709
-5.14151
-4.94292
-5.1713
-5.11533
-5.091
-5.09631
-4.92613
-5.07758
-5.08833
-5.00466
-5.03382
-5.02046
-5.08294
-5.01648
-4.93674
-4.88505
-4.94293
-4.85126
-5.01217
-5.03986
-4.98717
-5.00265
-4.99492
-5.1013
-4.81459
-5.07191
-4.99166
-5.06833
-5.0396
-5.04219
-4.9891
-4.99264
-5.0523
-4.98728
-4.9766
-5.03321
-5.0389
-5.1728
-4.94757
-4.98713
-4.95288
-5.05151
-5.08817
-5.1041
-5.07674
-5.08113
-4.94626
-4.93722
-5.13882
-5.15086
-5.00235
-5.07914
-5.04514
-5.0574
-5.11582
-5.02714
-5.00889
-4.91984
-5.15119
-5.12815
-4.99458
-5.05538
-5.06409
-4.97002
-5.05743
-5.00026
-5.15373
-5.08886
-5.05987
-5.0819
-4.98181
-5.09296
-5.03988
-4.91324
-4.90221
-5.06715
-5.02511
-5.07833
-5.07769
-4.99277
-5.04944
-5.09811
-5.19637
-5.01253
-5.10487
-4.98053
-5.04118
-4.98182
-4.88725
-4.95694
-5.02216
-5.10312
-4.89018
-4.95898
-5.06535
-5.02475
-5.05784
-5.04696
-4.94847
-5.04882
-5.05902
-5.07146
-5.03664
-5.08017
-5.1143
-4.92273
-4.85169
-5.01834
-5.09436
-4.96001
-4.91227
-4.98946
-4.93077
-5.0341
-4.96081
-5.02338
-5.12045
-5.10116
-5.11885
-4.92288
-4.94957
-5.05328
-5.10163
-5.02871
-5.07293
-4.99148
-5.01725
-5.02563
-4.99036
-4.95429
-4.99315
-5.00034
-5.1682
-5.0646
-4.95885
-4.99618
-5.06797
-5.01325
-4.94326
-4.94925
-4.88218
-5.00471
-4.98615
-5.06914
-4.92842
-4.94104
-5.00608
-5.00901
-5.03242
-5.07778
-5.07022
-5.09527
-5.01908
-5.14786
-5.06602
-5.02792
-4.93574
-5.06494
-5.09759
-5.03138
-5.04659
-4.95157
-4.99736
-5.1429
-4.9627
-5.0471
-5.09157
-4.98294
-5.1017
-5.01514
-5.10775
-5.14783
-5.1146
-5.00839
-4.9782
-5.00196
-5.12073
-5.10618
-5.04605
-5.12969
-5.05813
-4.98912
-4.98624
-4.9779
-5.06933
-5.22363
-4.94664
-5.03103
-4.9337
-5.02356
-5.12723
-4.95923
-5.08477
-5.01197
-5.04408
-5.03141
-5.08446
-5.14793
-5.09817
-5.07918
-5.08395
-4.95448
-5.0651
-5.0545
-4.95238
-5.08774
-5.09078
-5.13663
-5.08436
-4.97798
-4.93659
-4.97728
-5.0363
-4.93781
-4.99076
-4.93838
-5.16631
-5.02142
-4.91348
-5.09168
-4.99968
-5.19571
-5.09505
-5.08097
-4.9782
-5.06421
-5.06239
-5.17889
-5.01731
-5.03176
-4.99071
-4.93004
-4.96436
-5.04708
-5.07366
-4.99914
-4.94827
-4.89719
-4.84882
-4.89672
-5.02854
-5.03389
-5.13162
-5.04573
-5.04972
-5.13218
-5.10298
-5.06698
-4.95186
-5.05586
-5.10709
-4.97976
-5.08377
-4.9951
-5.16262
-4.99028
-4.96354
-5.08279
-5.0648
-4.94729
-5.00995
-5.02349
-5.0768
-5.04563
-5.14382
-5.16175
-4.93243
-5.10708
-5.01247
-5.10782
-4.92941
-5.02509
-5.08296
-4.97318
-4.96764
-5.05856
-5.14247
-4.97837
-5.08902
-5.14172
-5.02015
-4.93425
-4.96579
-4.96317
-5.03844
-4.88014
-5.06155
-5.0492
-5.02091
-5.02405
-5.02
-5.03591
-4.94157
-4.93772
-5.10021
-5.13882
-4.9293
-5.20839
-4.96036
-4.9235
-4.9279
-5.0899
-5.08182
-4.98454
-5.04272
-5.15138
-5.15324
-5.01705
-4.99583
-4.92364
-5.15965
-5.04722
-5.16336
-4.91805
-5.10553
-5.05295
-5.10354
-5.0739
-4.97643
-5.15308
-5.01636
-5.09373
-5.03761
-5.0282
-5.06722
-4.9754
-5.13413
-5.09547
-4.98632
-5.09946
-4.96659
-4.94525
-5.00788
-5.11776
-4.92737
-5.07292
-5.07757
-4.9417
-5.00822
-4.92657
-4.91333
-5.05825
-5.15118
-5.09178
-5.00439
-5.08765
-5.08124
-5.07309
-4.96398
-4.97691
-4.90369
-4.98696
-5.07307
-4.99843
-5.07599
-5.05651
-5.09662
-5.10283
-4.99325
-5.07633
-4.99619
-5.00834
-4.96903
-5.06696
-5.08722
-4.8617
-4.9267
-5.0628
-5.08028
-5.13303
-5.04263
-5.0591
-5.14204
-4.97991
-4.97872
-5.01823
-4.98225
-5.07052
-5.00001
-5.03699
-5.06682
-4.97064
-5.0407
-5.16811
-5.02713
-4.91757
-5.06836
-5.01335
-4.96648
-5.14504
-5.06932
-5.02278
-5.17883
-5.05243
-4.94731
-5.04894
-5.08985
-5.04874
-4.97717
-5.1136
-5.07198
-4.9681
-5.07169
-5.09158
-5.04704
-4.95661
-4.91642
-5.07818
-4.97233
-5.06659
-5.1529
-4.97488
-5.16832
-4.8388
-5.07679
-5.1188
-5.15354
-5.00505
-4.99321
-5.14577
-5.01854
-5.04273
-5.08785
-5.05261
-5.0312
-4.9676
-5.1242
-4.96186
-5.07031
-5.1534
-5.25261
-5.09383
-5.09756
-5.07679
-4.86762
-5.00777
-5.03633
-5.07688
-4.92727
-4.83266
-4.94554
-4.94356
-5.10043
-5.05662
-5.10354
-5.14382
-5.10316
-4.9503
-5.04834
-5.09651
-5.06153
-5.08913
-5.06344
-5.03863
-4.91124
-4.84229
-5.00259
-5.10852
-4.95724
-5.11319
-5.04063
-4.88591
-5.10372
-5.00922
-5.03323
-4.96794
-5.125
-4.92054
-5.09558
-5.14684
-5.13492
-5.10657
-5.0766
-5.12973
-5.11938
-5.07207
-5.06678
-5.06201
-5.03049
-4.92871
-5.09616
-5.13346
-5.12727
-5.07026
-5.019
-4.98778
-5.16296
-5.12514
-5.09271
-5.10339
-5.11658
-5.08386
-5.03385
-5.15041
-5.18207
-5.03491
-5.037
-4.99559
-4.94216
-4.86611
-4.96264
-5.03573
-4.96318
-5.02588
-5.21203
-5.07025
-5.03482
-5.03983
-5.00975
-5.07157
-5.03445
-5.01548
-4.93569
-4.8972
-4.91183
-5.02963
-4.91019
-4.87321
-4.93324
-5.05522
-5.02852
-5.00078
-5.05464
-4.85004
-4.98756
-5.09622
-5.04246
-5.03909
-5.02867
-4.95324
-5.08538
-4.90181
-4.9697
-4.91076
-5.1241
-5.18553
-5.00071
-4.93228
-4.99424
-4.90188
-5.11797
-5.05862
-4.99182
-5.06171
-5.02888
-5.15305
-5.15245
-5.20621
-5.19012
-5.08524
-5.11917
-5.03335
-4.94272
-4.93078
-4.92034
-5.02632
-5.13335
-5.05665
-4.93015
-5.02904
-5.02379
-5.1334
-5.20717
-5.01239
-5.04167
-5.00825
-4.9782
-5.12511
-5.09756
-5.02293
-5.11814
-5.01358
-5.02264
-5.06703
-4.98871
-5.09927
-4.99438
-4.94816
-4.93982
-5.09653
-5.0238
-5.02812
-5.04685
-5.04148
-5.09015
-5.06273
-5.1111
-5.15319
-4.92894
-4.98358
-5.0707
-4.90057
-5.05549
-5.04952
-5.02414
-4.97262
-5.0119
-5.01444
-5.05845
-5.04013
-5.16232
-5.13638
-4.97896
-4.98529
-4.9322
-5.03382
-5.09756
-4.97769
-4.88458
-5.03091
-4.98985
-4.94532
-5.0458
-5.12488
-4.93701
-5.03134
-5.10246
-5.0268
-4.99135
-4.98064
-5.03909
-4.9575
-5.06899
-5.09108
-4.92198
-5.03584
-4.9421
-5.1277
-5.08346
-5.03459
-5.07711
-4.95885
-4.90275
-5.02438
-4.94623
-4.92622
-4.9437
-5.11203
-5.08926
-5.01167
-4.88428
-4.92243
-5.04429
-5.08164
-5.06804
-5.2182
-4.96207
-5.12965
-5.07558
-4.96824
-5.01836
-4.99852
-5.06557
-4.98005
-5.02284
-5.03065
-5.05281
-5.0396
-4.99564
-5.019
-5.13269
-5.10233
-5.07651
-5.16464
-5.00819
-5.0891
-4.96769
-5.00655
-5.06355
-5.06082
-5.13571
-4.9606
-5.03994
-5.1566
-4.97517
-5.04776
-4.99959
-4.95349
-5.09453
-4.95712
-4.94388
-5.08039
-5.04685
-5.05965
-5.19003
-4.96583
-5.06893
-5.14359
-5.04492
-4.99424
-5.04783
-5.09056
-4.96805
-5.04259
-4.99386
-4.97289
-4.93635
-4.9589
-5.00364
-5.06749
-5.01233
-4.92884
-4.97241
-5.03941
-5.14807
-5.00969
-4.96022
-4.96586
-5.0045
-4.87671
-5.02474
-5.07443
-4.93003
-5.15339
-5.00939
-5.00313
-5.00252
-5.07546
-5.03929
-4.97247
-4.99049
-5.07215
-5.09866
-5.01151
-5.12488
-5.03907
-4.99444
-5.10966
-5.1023
-5.0231
-5.06507
-5.03273
-5.18867
-4.97477
-5.06448
-4.92155
-4.96395
-5.07528
-4.93644
-4.98995
-4.93223
-5.19271
-4.95214
-5.06305
-4.79021
-4.87606
-4.97577
-4.89385
-4.98974
-5.00097
-4.94279
-4.977
-5.12068
-5.14563
-5.01172
-5.0665
-5.02094
-5.05314
-4.99194
-4.95126
-4.96539
-4.81165
-5.05216
-5.09951
-4.99464
-4.98315
-5.02498
-4.97294
-4.97189
-5.07692
-4.98154
-4.90812
-5.04466
-5.10062
-5.10749
-5.21074
-4.82732
-4.94548
-4.97967
-4.98716
-4.87925
-4.9515
-5.06997
-5.06283
-4.93782
-5.04661
-5.0896
-4.89962
-5.13814
-5.03212
-5.00987
-5.01449
-5.0148
-4.97988
-5.00493
-5.16895
-5.05356
-5.05791
-5.02759
-5.09896
-5.23009
-5.01498
-5.04398
-4.98852
-5.0509
-5.04526
-5.03988
-4.97589
-5.05425
-4.90673
-4.99059
-5.14566
-4.94416
-5.14415
-5.03934
-5.03741
-5.02944
-5.15538
-5.07997
-4.93012
-4.94452
-5.06612
-5.0665
-5.10042
-5.05819
-4.965
-4.93347
-5.09079
-5.09377
-5.09183
-5.08968
-5.1533
-5.0044
-5.11117
-5.0955
-5.02682
-4.98032
-4.98029
-5.13654
-5.03308
-4.93853
-5.02576
-5.11494
-5.06107
-5.11783
-5.00276
-5.0331
-5.01624
-5.12234
-5.02323
-5.08895
-4.95004
-5.00606
-5.0795
-5.04922
-5.06108
-5.07642
-4.90636
-4.99633
-4.95799
-5.08597
-4.82758
-5.03567
-5.04384
-5.07062
-5.16166
-5.07271
-4.91671
-4.83114
-4.90929
-5.00034
-5.15641
-5.10126
-4.96728
-5.0707
-5.0068
-5.07782
-5.00489
-4.94907
-5.0437
-4.96344
-4.9376
-5.01951
-5.07149
-5.06107
-5.07617
-4.94408
-5.07353
-4.9827
-5.18773
-5.03462
-5.04761
-5.10903
-5.23329
-5.00159
-4.99853
-4.88862
-5.017
-5.11595
-5.0257
-5.11381
-5.03275
-5.06369
-5.09304
-5.01595
-5.1103
-4.97094
-5.10085
-5.02015
-5.06543
-5.03154
-5.09455
-4.94952
-4.91879
-5.02421
-5.08162
-5.12673
-4.95337
-5.02184
-5.08649
-4.95126
-5.09151
-5.013
-5.06408
-5.00602
-5.14213
-4.96658
-4.89678
-5.06501
-5.01644
-5.00345
-5.0006
-4.92345
-5.0807
-4.98294
-5.09931
-5.06064
-4.9604
-4.98617
-5.02499
-4.90098
-5.02697
-5.02378
-5.05646
-4.99384
-5.0043
-5.02049
-4.91847
-4.94348
-5.05058
-5.13275
-5.07361
-4.96764
-4.9588
-5.11336
-5.17494
-4.98849
-4.89667
-5.0216
-4.88101
-5.10533
-5.26683
-5.15996
-5.06939
-5.12142
-4.99643
-5.19043
-5.02694
-5.07725
-5.10989
-5.04428
-4.90981
-5.10568
-4.97506
-5.00919
-4.97053
-4.99951
-5.1546
-5.11159
-5.0763
-5.11359
-5.10885
-4.85976
-5.10616
-5.12067
-4.92177
-5.01979
-4.96953
-5.08205
-5.02486
-5.15101
-4.97961
-5.02657
-5.04881
-5.08853
-5.0621
-5.05694
-4.96926
-4.9797
-5.14415
-4.88478
-4.93061
-5.02452
-5.07664
-4.96529
-5.21134
-5.11768
-5.02459
-4.9837
-5.12633
-5.1029
-5.06409
-5.08186
-5.16884
-5.07821
-5.13337
-4.93197
-5.00457
-5.00372
-5.05811
-5.10807
-4.95343
-4.97016
-5.01659
-5.10873
-5.02741
-5.02603
-5.11468
-5.13135
-5.01958
-5.07646
-5.10493
-5.15436
-5.02808
-4.97092
-4.97072
-4.96089
-5.06517
-5.10044
-4.94746
-4.92418
-5.04375
-4.97175
-5.05761
-5.0905
-4.95774
-4.96658
-5.02554
-5.10609
-4.93346
-5.07766
-5.07706
-4.97505
-4.96121
-4.86389
-4.96202
-4.9659
-5.18796
-4.98226
-5.01168
-5.22262
-5.07054
-5.03731
-5.04339
-4.79068
-4.91454
-4.99698
-5.02632
-4.96697
-5.03838
-4.99681
-5.09752
-5.16111
-4.96647
-5.06682
-5.06876
-4.94108
-5.02439
-5.03454
-5.11128
-5.02268
-5.23544
-5.1298
-5.01959
-5.02264
-5.02616
-5.13547
-5.18614
-5.03463
-4.99508
-4.99483
-4.92807
-4.93296
-5.00881
-4.92446
-5.07365
-4.98676
-5.02926
-5.03623
-4.93238
-5.11034
-5.0365
-4.99646
-4.89288
-5.05459
-5.06066
-5.04665
-5.16082
-5.13097
-4.9675
-4.99418
-5.01412
-5.00667
-5.11877
-5.02073
-4.96893
-4.89053
-5.02042
-5.00578
-5.08636
-4.98189
-5.03909
-5.11265
-5.05496
-5.21802
-5.02168
-5.06773
-5.0205
-5.1505
-5.11667
-4.98332
-5.03225
-5.1292
-5.22224
-5.11226
-4.98086
-5.09405
-5.07466
-4.90253
-4.92244
-4.91588
-4.85113
-5.06627
-5.0237
-5.07588
-5.10137
-5.08952
-4.97993
-5.03434
-5.07183
-5.03525
-5.13501
-4.91412
-5.00327
-5.01203
-5.24043
-5.11622
-5.0621
-5.09227
-5.19035
-5.00607
-4.88112
-4.92485
-5.01349
-5.06147
-5.11465
-5.04605
-4.94951
-5.1249
-5.09889
-5.02896
-5.09915
-4.94917
-4.84961
-4.93302
-5.02847
-4.88037
-5.0428
-4.91685
-4.9451
-4.954
-5.05596
-5.12772
-5.08716
-4.91065
-4.77741
-4.91107
-5.11987
-5.10439
-4.98018
-4.84636
-4.85376
-4.84811
-5.05951
-4.90993
-5.0483
-5.07417
-5.06475
-5.11486
-5.02762
-5.02248
-4.95067
-5.09813
-5.07409
-4.97403
-5.14885
-5.13232
-5.0584
-5.12546
-5.02585
-5.02656
-4.9874
-5.05614
-5.05363
-4.89055
-5.05788
-5.17437
-5.12434
-5.08099
-5.10484
-5.04564
-5.07825
-5.0114
-5.05958
-5.07525
-5.04208
-4.98319
-4.98575
-5.14957
-4.98365
-5.07278
-5.1348
-5.11268
-5.02331
-5.10856
-5.08117
-5.08047
-5.01638
-5.09897
-5.10031
-5.22538
-5.1338
-5.03636
-5.09739
-5.02086
-4.94859
-5.13331
-5.02868
-4.97374
-4.83112
-5.10271
-5.09827
-5.0012
-4.95946
-4.94753
-4.98972
-4.89526
-5.07739
-5.11022
-5.03006
-5.01691
-4.96757
-5.03389
-5.18292
-5.0693
-5.05164
-4.93535
-4.95288
-4.96102
-5.20146
-5.00331
-5.06701
-5.07492
-5.09316
-4.98795
-4.97177
-4.89275
-5.09887
-5.15005
-5.13904
-5.16582
-4.96733
-5.01822
-5.04969
-4.97629
-5.06534
-5.14539
-5.06591
-5.10848
-4.93478
-5.10076
-5.1934
-5.00309
-5.22749
-4.93402
-5.13146
-5.0612
-5.09206
-5.07124
-5.07631
-5.00408
-5.00075
-5.08003
-5.02062
-4.9591
-4.84511
-5.01018
-5.08521
-5.00925
-4.9894
-4.99577
-5.13996
-5.09396
-5.20817
-5.07563
-5.06955
-5.01813
-4.87506
-5.08261
-5.09772
-5.0936
-5.10993
-5.11171
-5.05294
-5.21133
-5.04497
-5.02976
-5.04271
-5.0019
-5.05832
-5.01526
-4.86786
-4.99704
-4.9992
-5.07833
-5.09437
-4.99759
-4.94928
-4.91221
-4.98362
-5.01317
-5.17625
-5.14481
-4.99864
-4.98934
-5.0923
-5.04665
-4.82359
-5.02743
-5.05061
-4.92774
-5.00927
-4.89741
-4.87282
-5.00998
-4.98871
-5.07188
-4.94897
-5.05335
-4.96226
-4.94786
-5.05814
-5.0228
-5.03197
-5.07983
-5.00416
-5.07086
-5.09452
-5.03199
-5.12448
-5.17023
-4.94745
-4.94528
-5.03582
-5.01493
-5.0924
-4.99257
-4.96531
-5.00867
-4.94113
-4.98618
-5.13828
-4.93823
-4.90449
-5.07592
-4.98804
-5.04171
-5.09502
-5.04697
-4.96119
-4.98403
-5.26054
-5.15572
-5.1584
-5.05867
-5.04656
-5.08326
-5.13389
-4.99065
-5.10083
-4.94059
-4.85865
-5.14963
-4.96154
-4.93822
-5.07151
-5.07986
-4.98544
-5.16518
-5.02815
-4.98734
-5.09056
-5.06712
-4.95747
-4.97617
-4.98488
-5.02289
-4.96332
-5.0668
-5.09239
-5.13877
-5.03088
-5.04648
-5.01377
-4.85335
-4.93086
-4.92101
-5.0377
-5.06579
-4.94973
-4.96951
-5.06742
-5.04686
-4.97465
-4.98311
-5.08569
-4.82651
-4.95709
-5.03569
-5.23127
-5.10295
-5.1316
-5.12385
-5.17658
-5.0162
-4.8706
-4.90523
-4.91547
-5.05213
-5.01859
-5.00849
-5.05356
-5.09396
-5.15281
-4.99788
-4.91225
-5.05954
-4.98504
-5.08982
-5.06795
-5.16
-4.98603
-4.97456
-5.10785
-4.96578
-5.07269
-4.9041
-4.92752
-4.96752
-4.94646
-5.05495
-4.9507
-5.11264
-5.00537
-5.0947
-4.91911
-5.05566
-5.08059
-5.11111
-4.98012
-5.00027
-5.14178
-5.14679
-5.01163
-5.02435
-5.0588
-5.05407
-5.02459
-5.07887
-5.15742
-5.00869
-4.93774
-5.03975
-5.06784
-5.06829
-5.17563
-4.99301
-4.96562
-5.10229
-4.92596
-4.8466
-4.89256
-5.03838
-5.05854
-5.00365
-5.08732
-4.97402
-4.99116
-5.03497
-4.87421
-5.05101
-4.96209
-5.11319
-5.1396
-4.86288
-5.0333
-5.08328
-5.12053
-4.90295
-5.02924
-5.04651
-5.19778
-4.9102
-5.03825
-5.03032
-5.07202
-5.00169
-5.1215
-5.11596
-4.87063
-5.02628
-5.05079
-5.14088
-5.10971
-5.02803
-5.07555
-5.0405
-5.019
-5.03965
-5.04967
-5.06513
-5.05586
-4.98836
-5.04827
-5.08794
-4.89896
-5.01664
-4.99193
-5.06428
-5.03643
-5.07429
-4.99658
-5.07367
-4.97728
-5.03407
-5.01284
-5.05473
-5.07503
-4.94165
-4.79777
-4.9467
-4.96038
-4.98755
-5.03966
-4.97005
-4.88403
-4.93323
-5.04139
-5.14681
-4.96533
-4.98189
-5.002
-5.16044
-4.99582
-4.93729
-4.97275
-5.0455
-5.10723
-5.06981
-5.0335
-5.06714
-4.97536
-5.07765
-5.1528
-4.90592
-5.10988
-5.08654
-5.07861
-4.96609
-5.02092
-5.02381
-5.0508
-5.06378
-5.07469
-4.92738
-5.00723
-5.09435
-5.0199
-5.04073
-5.11357
-5.12909
-4.89275
-4.98088
-4.77851
-4.94202
-4.93563
-5.05189
-5.0387
-5.05559
-4.92639
-4.9575
-4.86539
-4.9677
-5.10153
-5.06367
-5.01995
-5.08246
-4.96439
-5.10961
-4.98858
-5.10521
-4.99292
-5.08484
-4.90569
-4.94884
-5.15848
-5.07022
-4.95632
-5.12066
-5.03389
-4.97863
-5.02641
-5.09399
-5.04248
-5.11962
-4.97116
-5.00612
-4.964
-4.90841
-5.02533
-4.89629
-4.96609
-5.00838
-4.93726
-5.04388
-5.0916
-5.06944
-5.0214
-4.98662
-5.10127
-4.96884
-5.0114
-4.97746
-4.98724
-4.99906
-4.8643
-5.08937
-5.03697
