Bins: 120
Nblocks: 500
0 0
0 0
0 0
0 0
0 0
0 0
0 0
0 0
0 0
0 0
0 0
0 0
0 0
0 0
0 0
0 0
0 0
0 0
0 0
0 0
0 0
0 0
0 0
0 0
0 0
0 0
0 0
0 0
0 0
0 0
0 0
0 0
0 0
0 0
0 0
0 0
0 0
0 0
0 0
0 0
0 0
0 0
0 0
0 0
0 0
0 0
0 0
0 0
6.32174e-05 5.22061e-06
0.00175395 2.97282e-05
0.0186263 9.8945e-05
0.108471 0.000267817
0.39808 0.000591623
1.01973 0.000937565
1.98256 0.00117482
3.10693 0.00113668
4.10851 0.00112888
4.74638 0.00133415
4.90697 0.00162324
4.62848 0.00163778
4.04161 0.00153472
3.29451 0.00128022
2.52843 0.000890431
1.83824 0.000682445
1.27057 0.000601186
0.836361 0.000603166
0.526957 0.00053952
0.319083 0.00047601
0.185983 0.000379967
0.106095 0.000294951
0.0626232 0.000231595
0.0435668 0.000198417
0.0430314 0.000195929
0.0579724 0.00021378
0.0896885 0.000243158
0.140636 0.000280272
0.214368 0.00031256
0.313468 0.000329128
0.434886 0.00030383
0.572322 0.000295558
0.71256 0.000380872
0.837477 0.000463029
0.929151 0.000566201
0.970156 0.00063048
0.95432 0.00060175
0.883793 0.000536314
0.770319 0.000403383
0.633087 0.000311366
0.492217 0.000274624
0.365753 0.000296433
0.266915 0.000340754
0.205738 0.000352636
0.191216 0.000417897
0.233935 0.00047473
0.346629 0.000542093
0.541886 0.000594956
0.826854 0.000600447
1.19243 0.000514834
1.61249 0.000445303
2.03472 0.000517041
2.39839 0.00077964
2.64062 0.00100574
2.71781 0.00114471
2.62125 0.00108504
2.37154 0.000879125
2.01656 0.000625483
1.61525 0.000412623
1.22639 0.000410511
0.892946 0.000509691
0.643503 0.000567722
0.488788 0.000591752
0.429588 0.00057474
0.452799 0.000507469
0.542132 0.000414798
0.671176 0.000299457
0.810131 0.000259123
0.930662 0.000327354
1.00897 0.000421732
1.03058 0.000473931
0.994362 0.000444355
