Bins: 120
Nblocks: 500
0 0
0 0
0 0
0 0
0 0
0 0
0 0
0 0
0 0
0 0
0 0
0 0
0 0
0 0
0 0
0 0
0 0
0 0
0 0
0 0
2.32636e-05 9.84009e-06
0.00524174 0.000114647
0.121294 0.000527424
0.632367 0.00123819
1.41974 0.00214018
2.02079 0.00290251
2.2646 0.00321303
2.2484 0.00295348
2.12176 0.00263195
1.95881 0.00244071
1.79603 0.00225057
1.65313 0.00211316
1.53614 0.00179165
1.43963 0.00167596
1.36276 0.00146244
1.30099 0.00146574
1.24781 0.00136767
1.2046 0.00126957
1.17399 0.00125758
1.14601 0.00126592
1.12372 0.00108268
1.10395 0.00110066
1.09116 0.00108624
1.08049 0.00100547
1.07148 0.000982039
1.0662 0.000953159
1.06386 0.000931671
1.06067 0.000884974
1.05871 0.000877956
1.0572 0.000867865
1.05458 0.000881786
1.05321 0.000862716
1.05181 0.000806503
1.0483 0.000758017
1.04389 0.000814221
1.04122 0.000763852
1.03795 0.000747344
1.03356 0.000727087
1.02974 0.00073938
1.02588 0.000699079
1.02286 0.000658149
1.02115 0.000666506
1.01732 0.000683906
1.01625 0.000663752
1.01391 0.000634401
1.01057 0.000624882
1.00941 0.000621898
1.00772 0.000592005
1.00552 0.000570445
1.00475 0.000573534
1.0025 0.000554073
1.00296 0.000568399
1.00078 0.000587228
1.00035 0.000578688
1.00047 0.000540563
0.998679 0.000563275
0.997367 0.000511625
0.997737 0.000519479
0.996794 0.000496739
0.996185 0.000503055
0.995146 0.000509782
0.993805 0.000510373
0.994775 0.000464868
0.99332 0.000448704
0.992976 0.000488736
0.992465 0.000471979
0.99235 0.000477899
0.992348 0.000439287
0.991233 0.000443345
0.991319 0.000456335
0.990512 0.000443731
0.991617 0.000447406
0.991071 0.000412592
0.990753 0.000413453
0.990091 0.000424917
0.989418 0.000412
0.989363 0.00041984
0.989818 0.000401152
0.989885 0.000378532
0.988537 0.000384251
0.988274 0.000389741
0.988411 0.000393315
0.988861 0.000371659
0.988169 0.000349821
0.988367 0.000382039
0.988142 0.000366818
0.98774 0.000368955
0.987104 0.000356836
0.987479 0.000366315
0.986955 0.000354464
0.987381 0.000357879
0.98758 0.000347776
0.987795 0.000337218
0.987228 0.000360242
0.986817 0.000352659
0.98707 0.000340867
0.98758 0.000337783
0.986814 0.000341527
0.986739 0.000324547
0.986642 0.000332836
