-0.295479   -0.103793   -0.120111
-0.108269   0.0617854   -0.0979125
-0.269326   0.0568894   0.0952847
-0.117118   -0.0872216   0.0699331
0.0503598   -0.123234   -0.127727
0.188372   0.0499222   -0.138966
0.0485685   0.0591958   0.052592
0.221132   -0.0961493   0.0473145
0.378108   -0.10796   -0.109242
-0.471429   0.0623366   -0.107231
0.362424   0.0848362   0.0737488
-0.461396   -0.0984694   0.0634232
-0.299792   0.226196   -0.111308
-0.10917   0.396624   -0.119351
-0.293644   0.381709   0.0475805
-0.124554   0.240221   0.073378
0.0325849   0.222929   -0.104603
0.22523   0.391432   -0.121728
0.0463921   0.402562   0.0563195
0.202984   0.246385   0.060263
0.367755   0.222737   -0.119182
-0.446606   0.386974   -0.116653
0.389841   0.382979   0.0277546
-0.455154   0.20651   0.0598558
-0.29836   -0.444402   -0.114505
-0.116261   -0.251731   -0.0972903
-0.287948   -0.2672   0.0669959
-0.132035   -0.444628   0.0590464
0.045239   -0.441422   -0.106524
0.216103   -0.286331   -0.113118
0.0418552   -0.265765   0.0378076
0.217387   -0.436354   0.0322304
0.392149   -0.452259   -0.138282
-0.454831   -0.281513   -0.124385
0.383522   -0.274166   0.0365502
-0.448442   -0.449514   0.0370064
-0.289825   -0.130637   0.238105
-0.10687   0.0650722   0.242291
-0.29188   0.0676148   0.383852
-0.131412   -0.107712   0.385066
0.0403918   -0.115977   0.220232
0.195511   0.0570805   0.207614
0.0524286   0.0731744   0.388932
0.203328   -0.103165   0.37338
0.377302   -0.109604   0.227121
-0.45921   0.0716984   0.237899
0.370509   0.060998   0.369272
-0.455014   -0.0941127   0.391431
-0.282229   0.24415   0.234294
-0.127038   0.398416   0.225398
-0.277564   0.396977   0.383128
-0.116557   0.223338   0.390533
0.0522718   0.235303   0.214553
0.205494   0.413411   0.208455
0.0621463   0.405928   0.367926
0.209489   0.239263   0.375759
0.370542   0.237131   0.232318
-0.454604   0.40111   0.205589
0.378742   0.410569   0.393503
-0.46123   0.245191   0.379204
-0.297854   -0.430383   0.206998
-0.113199   -0.283355   0.218783
-0.291582   -0.276351   0.390631
-0.123938   -0.456002   0.389101
0.0517921   -0.425642   0.1992
0.21873   -0.269736   0.186929
0.0402706   -0.291493   0.385672
0.210297   -0.431077   0.393626
0.383973   -0.440087   0.205009
-0.45946   -0.266705   0.199606
0.355631   -0.272764   0.37715
-0.448786   -0.447784   0.377064
-0.288623   -0.125066   -0.462078
-0.133544   0.0546606   -0.456998
-0.281885   0.0570949   -0.296447
-0.114256   -0.107453   -0.29583
0.0501031   -0.08938   -0.470152
0.2134   0.0658595   -0.46191
0.0210102   0.0563227   -0.300783
0.186703   -0.10503   -0.307523
0.356326   -0.112646   -0.460823
-0.480531   0.0521971   -0.451305
0.364885   0.0542287   -0.28133
-0.447397   -0.0906249   -0.269519
-0.2873   0.225449   -0.452239
-0.108142   0.393381   -0.461795
-0.290237   0.367436   -0.282455
-0.131086   0.223518   -0.288166
0.0290507   0.229729   -0.449711
0.20641   0.383352   -0.466864
0.0536772   0.369742   -0.277931
0.183695   0.209073   -0.299327
0.380508   0.23601   -0.451717
-0.446963   0.398329   -0.439903
0.396931   0.382911   -0.2921
-0.453084   0.20799   -0.282964
-0.274963   -0.467322   -0.45406
-0.11405   -0.287646   -0.446098
-0.292505   -0.264286   -0.281686
-0.0969353   -0.457547   -0.266646
0.0455143   -0.444245   -0.451572
0.198242   -0.269292   -0.454961
0.0358003   -0.281344   -0.277221
0.209431   -0.441882   -0.272181
0.377883   -0.432474   -0.441216
-0.459028   -0.269781   -0.466653
0.389507   -0.26611   -0.292688
-0.437667   -0.451124   -0.291922
